# podano je zaporedje urejenih seznamov
[10, 78, 165, 240, 263, 338, 344, 358, 398, 401, 418, 433, 439, 448, 471, 474, 478, 504, 515, 548, 563, 582, 598, 638, 681, 701, 711, 731, 744, 754, 769, 791, 806, 836, 877, 910, 925, 942, 978, 990, 1020, 1025, 1033, 1055, 1081, 1093, 1095, 1112, 1131, 1153, 1181, 1222, 1253, 1263, 1267, 1287, 1296, 1308, 1315, 1331, 1353, 1357, 1377, 1396, 1421, 1462, 1493, 1536, 1567, 1614, 1657, 1695, 1720, 1724, 1736, 1761, 1765, 1820, 1836, 1854, 1883, 1895, 1901, 1910, 1915, 1981, 2001, 2026, 2044, 2047, 2066, 2082, 2160, 2186, 2205, 2208, 2217, 2263, 2292, 2306, 2335, 2337, 2338, 2357, 2390, 2406, 2409, 2444, 2514, 2553, 2561, 2589, 2600, 2625, 2644, 2648, 2655, 2672, 2676, 2682, 2694, 2710, 2747, 2767, 2783, 2793, 2811, 2829, 2834, 2854, 2861, 2922, 2940, 2984, 3021, 3032, 3058, 3133, 3155, 3164, 3171, 3179, 3209, 3223, 3232, 3249, 3267, 3285, 3316, 3432, 3436, 3442, 3456, 3464, 3468, 3487, 3524, 3537, 3559, 3566, 3569, 3609, 3646, 3668, 3708, 3737, 3755, 3790, 3803, 3828, 3873, 3911, 3950, 3964, 3996, 4013, 4031]
[17, 33, 51, 63, 69, 73, 94, 107, 113, 126, 143, 153, 156, 166, 183, 199, 217, 232, 254, 258, 279, 299, 309, 319, 322, 362, 378, 402, 460, 484, 497, 521, 529, 611, 621, 650, 668, 767, 775, 796, 814, 824, 856, 869, 895, 914, 956, 964, 968, 969, 982, 1008, 1023, 1043, 1074, 1103, 1148, 1171, 1195, 1199, 1217, 1239, 1334, 1346, 1409, 1427, 1444, 1453, 1472, 1483, 1505, 1518, 1547, 1563, 1575, 1595, 1632, 1639, 1674, 1678, 1693, 1712, 1713, 1717, 1743, 1759, 1785, 1797, 1803, 1824, 1829, 1852, 1862, 1876, 1918, 1924, 1929, 1941, 1945, 1962, 1993, 1996, 1997, 2013, 2029, 2056, 2072, 2102, 2120, 2127, 2140, 2145, 2155, 2178, 2192, 2201, 2210, 2216, 2227, 2242, 2255, 2275, 2277, 2317, 2347, 2348, 2363, 2374, 2376, 2383, 2418, 2431, 2459, 2477, 2490, 2510, 2534, 2544, 2547, 2574, 2612, 2702, 2708, 2730, 2732, 2753, 2780, 2865, 2871, 2891, 2902, 2912, 2943, 2954, 2974, 3002, 3043, 3077, 3089, 3098, 3116, 3144, 3173, 3191, 3247, 3279, 3298, 3331, 3344, 3352, 3366, 3378, 3396, 3414, 3506, 3529, 3534, 3551, 3583, 3590, 3599, 3616, 3626, 3636, 3651, 3652, 3677, 3689, 3727, 3728, 3775, 3780, 3799, 3812, 3821, 3845, 3855, 3870, 3891, 3908, 3918, 3931, 3979, 4023, 4045]
[27, 74, 78, 97, 120, 134, 158, 190, 200, 226, 229, 260, 277, 295, 308, 310, 311, 324, 328, 332, 347, 359, 375, 399, 413, 419, 464, 465, 501, 507, 526, 543, 567, 615, 626, 648, 655, 670, 671, 689, 703, 707, 729, 772, 780, 794, 819, 839, 841, 865, 879, 893, 918, 946, 957, 983, 995, 1000, 1008, 1044, 1091, 1111]
[36, 43, 60, 66, 117, 143, 152, 161, 163, 181, 207, 245, 271, 329, 380, 384, 434, 445, 471, 487, 514, 546, 565, 585, 591, 611, 632, 706, 713, 743, 762, 804, 809, 849, 904, 916, 928, 958, 977, 1028, 1053, 1067, 1082, 1112]
[55, 77, 80, 95, 128, 129, 155, 160, 192, 212, 235, 284, 335, 352, 366, 413, 447, 485, 492, 501, 512, 530, 543, 555, 602, 609, 644, 668, 708, 721, 765, 795, 804, 823, 850, 868, 884, 933, 972, 985, 1000, 1013, 1057, 1069, 1076, 1090, 1113, 1119, 1142, 1147, 1168, 1179, 1181, 1216, 1226, 1229, 1275]
[63, 84, 93, 105, 124, 134, 138, 148, 172, 190, 220, 253, 266, 281, 300, 302, 304, 307, 317, 327, 379, 385, 391, 392, 409, 433, 453, 472, 542, 566, 573, 592, 595, 625, 641, 649, 685, 700, 734, 748, 775, 800, 830, 901, 919, 928, 934, 947, 962, 1026, 1046, 1055, 1065, 1106, 1139, 1148, 1193, 1209, 1238, 1246, 1257, 1271]
[3, 26, 55, 78, 89, 90, 146, 185, 187, 226, 257, 266, 269, 301, 350, 404, 424, 438, 455, 464, 474, 490, 506, 545, 559, 601, 613, 624, 638, 644, 673, 679, 683, 693, 706, 723, 753, 771, 788, 803, 832, 842, 881, 898, 929, 1010, 1013, 1035, 1040, 1058, 1072, 1092, 1095, 1102, 1132, 1147, 1164, 1193, 1198, 1208, 1245, 1296, 1308, 1338, 1361, 1374, 1392, 1394, 1407, 1486, 1549, 1587, 1614, 1623, 1643, 1661, 1691, 1698, 1749, 1751, 1759, 1762, 1801, 1831, 1872, 1885, 1907, 1909, 1926, 1943, 1948, 1966, 1978, 1997, 2027, 2052, 2072, 2085, 2091, 2152, 2166, 2186, 2201, 2231, 2236, 2301, 2347, 2372, 2391, 2414, 2417]
[8, 46, 67, 110, 126, 130, 165, 198, 209, 213, 221, 245, 281, 288, 306, 309, 323, 328, 344, 369, 378, 395, 443, 493, 525, 571, 573, 590, 660, 695, 721, 722, 724, 737, 751, 756, 767, 770, 822, 859, 868, 872, 876, 877, 885, 916, 931, 950, 955, 974, 990, 1020, 1041, 1097, 1100, 1116, 1131, 1173, 1216, 1221, 1241, 1259, 1274, 1287, 1315, 1323, 1337, 1347, 1408, 1413, 1427, 1429, 1437, 1456, 1465, 1470, 1488, 1503, 1523, 1539, 1565, 1583, 1607, 1612, 1626, 1638, 1676, 1692, 1705, 1713, 1730, 1776, 1793, 1811, 1819, 1849, 1865, 1874, 1884, 1896, 2009, 2046, 2090, 2109, 2110, 2130, 2150, 2160, 2190, 2192, 2216, 2244, 2251, 2268, 2274, 2283, 2316, 2329, 2342, 2348, 2363, 2409, 2436]
[30, 46, 64, 92, 119, 133, 162, 225, 270, 284, 312, 327, 351]
[34, 79, 99, 101, 104, 127, 153, 181, 199, 208, 222, 230, 241, 243, 252, 298, 302, 319, 345, 358]
[73, 88, 90, 107, 120, 140, 168, 175, 191, 225, 275, 294, 308, 323, 328, 336, 337, 351, 354, 398, 401, 432, 433, 438, 498, 512, 560, 592, 642, 659, 675, 715, 730, 738, 743, 744, 784, 790, 799, 833, 849, 867, 892, 896, 944, 977, 1010, 1021, 1031, 1065, 1067, 1076, 1110, 1124, 1167, 1171, 1182, 1205, 1209, 1226]
[84, 154, 185, 196, 214, 228, 233, 249, 268, 297, 317, 318, 371, 380, 394, 416, 419, 451, 464, 478, 524, 541, 573, 605, 610, 625, 647, 691, 711, 764, 814, 843, 865, 878, 887, 913, 932, 947, 961, 962, 982, 992, 1051, 1094, 1107, 1127, 1144, 1161, 1198, 1207, 1227]
[60, 86, 89, 97, 111, 125, 139, 152, 187, 190, 196, 229, 234, 272, 302, 312, 371, 471, 489, 508, 528, 566, 600, 621, 628, 631, 651, 662, 678, 696, 714, 741, 751, 775, 805, 834, 837, 839, 841, 861, 875, 910, 927, 974, 1010, 1050, 1085, 1093]
[66, 93, 114, 168, 185, 202, 211, 231, 238, 248, 256, 289, 325, 339, 359, 383, 395, 409, 414, 426, 436, 440, 456, 494, 546, 586, 591, 606, 618, 623, 715, 727, 748, 755, 766, 792, 824, 870, 895, 905, 940, 954, 986, 1000, 1012, 1031, 1032, 1035, 1069, 1102]
[74, 110, 192, 212, 256, 264, 266, 268, 286, 303, 322, 337, 340, 343, 348, 385, 400, 407, 409, 439, 450, 493, 496, 504, 521, 527, 528, 532, 538, 571, 587, 589, 651, 669, 688, 693, 704, 713, 789, 808, 813, 815, 827, 861, 873, 883, 894, 961, 972, 991, 1003, 1014, 1028, 1088, 1095, 1141]
[91, 122, 134, 146, 165, 168, 174, 176, 229, 247, 298, 333, 351, 366, 406, 419, 433, 463, 481, 524, 554, 558, 597, 616, 628, 631, 662, 682, 729, 739, 758, 773, 778, 814, 835, 838, 852, 879, 904, 917, 929, 949, 958, 1031, 1044, 1056, 1068, 1078, 1106, 1126, 1135]
[89, 166, 188, 207, 208, 222, 248, 270, 283, 292, 338, 367, 369]
[102, 118, 137, 140, 149, 173, 194, 231, 250, 253, 263, 308, 327, 332, 334, 341, 349, 358, 365, 388]
[58, 81, 84, 88, 106, 116, 158, 205, 222, 234, 305, 313, 322, 349, 387, 412, 459, 473, 529, 537, 555, 571, 607, 610, 617, 631, 701, 714, 730, 748, 763, 808, 815, 831, 847, 876, 893, 943, 948, 964, 981, 1024, 1026, 1030, 1044, 1055, 1075, 1093, 1114, 1129, 1135, 1154, 1159, 1166, 1190, 1253, 1260, 1277, 1300, 1307, 1327, 1360, 1385]
[70, 131, 138, 171, 188, 214, 254, 268, 286, 341, 343, 353, 364, 374, 398, 431, 432, 445, 453, 475, 493, 502, 518, 581, 591, 641, 655, 663, 681, 739, 759, 781, 797, 867, 888, 889, 907, 916, 931, 934, 992, 1011, 1033, 1052, 1107, 1116, 1128, 1148, 1177, 1206, 1222, 1237, 1296, 1299, 1346, 1367]
[26, 54, 91, 104, 120, 133, 136, 149, 157, 190, 234, 255, 257, 276, 297, 307, 342, 366, 371, 385, 396, 425, 435, 445, 464, 473, 492, 505, 518, 540, 545, 562, 588, 601, 622, 629, 637, 641, 662, 676, 716, 750, 776, 784, 801, 843, 856, 862, 884, 897, 963, 1001, 1041, 1052, 1118, 1132, 1181, 1230, 1250, 1264, 1271]
[46, 70, 76, 114, 165, 173, 204, 219, 239, 292, 315, 325, 345, 358, 411, 441, 520, 581, 591, 611, 646, 684, 702, 727, 740, 767, 802, 808, 813, 825, 828, 833, 868, 872, 875, 916, 929, 935, 943, 972, 987, 1006, 1024, 1072, 1086, 1102, 1121, 1143, 1145, 1157, 1170, 1195, 1214, 1246, 1278]
[61, 101, 117, 119, 128, 144, 158, 180, 226, 319, 372, 392, 408, 424, 446, 460, 500, 513, 536, 549, 589, 604, 621, 625, 636, 658, 677, 684, 699, 714, 716, 738, 788, 793, 809, 824, 851, 872, 874, 880, 896, 907, 912, 947, 968, 992, 1005, 1066, 1084, 1089, 1100, 1119]
[79, 97, 176, 185, 189, 206, 239, 259, 276, 277, 283, 291, 311, 336, 337, 355, 433, 469, 489, 530, 550, 552, 568, 587, 590, 609, 613, 633, 648, 701, 706, 733, 754, 768, 784, 785, 818, 836, 849, 864, 920, 922, 936, 946, 967, 973, 975, 1020, 1033, 1051, 1054, 1055, 1103, 1128]
[79, 115, 127, 152, 189, 213, 266, 273, 290, 299, 319, 357, 377, 410, 417]
[83, 91, 96, 145, 171, 185, 196, 203, 229, 247, 252, 288, 317, 337, 369, 386, 402, 431]
[84, 105, 172, 199, 213, 243, 278, 296, 316, 330, 332, 348, 368, 387, 388, 424, 451, 459, 499, 505, 533, 608, 695, 746, 747, 759, 762, 765, 774, 777, 784, 831, 851, 884, 900, 939, 942, 960, 990, 1028, 1055, 1070, 1071, 1091, 1122, 1129, 1167, 1175, 1178, 1203]
[102, 123, 127, 145, 163, 188, 218, 227, 261, 270, 301, 360, 407, 414, 438, 475, 481, 515, 544, 545, 549, 556, 567, 574, 593, 607, 619, 635, 655, 662, 682, 710, 727, 791, 806, 825, 827, 832, 846, 858, 859, 869, 915, 918, 921, 977, 1008, 1017, 1027, 1031, 1045, 1062, 1092, 1106, 1136, 1141, 1153, 1162, 1171, 1195, 1196]
[31, 70, 84, 120, 131, 137, 145, 196, 214, 243, 299, 314, 330, 347, 383, 395, 404, 441, 455, 463, 474, 519, 536, 565, 607, 638, 658, 659, 664, 714, 733, 739, 769, 788, 817, 866, 877, 893, 910, 927, 937, 949, 965, 993, 1003, 1009, 1033, 1050, 1073]
[44, 63, 102, 136, 138, 140, 162, 177, 189, 227, 245, 255, 266, 279, 328, 364, 421, 442, 483, 490, 493, 508, 535, 543, 548, 579, 592, 604, 612, 622, 640, 680, 699, 748, 751, 770, 787, 792, 800, 809, 832, 842, 855, 933, 947, 974, 1013, 1042, 1066]
[53, 74, 78, 97, 119, 136, 164, 199, 210, 241, 260, 276, 323, 340, 349, 367, 384, 407, 426, 439, 451, 452, 473, 507, 513, 529, 532, 566, 584, 590, 604, 617, 661, 699, 705, 710, 711, 716, 780, 787, 790, 827, 835, 849, 859, 897, 908, 936, 984, 1008, 1080, 1106, 1108, 1124, 1125, 1132, 1139, 1172, 1186, 1190, 1205, 1209, 1228, 1246, 1262]
[57, 101, 114, 120, 156, 168, 183, 229, 275, 296, 313, 324, 332, 334, 400, 438, 460, 471, 491, 549, 587, 627, 643, 653, 658, 681, 713, 723, 735, 747, 767, 768, 800, 807, 866, 884, 925, 954, 966, 992, 1024, 1042, 1062, 1073, 1097, 1109, 1158, 1212, 1218, 1255]
[77, 98, 107, 130, 175, 189, 208, 217, 224, 229, 244, 253, 283, 285, 291, 310, 325, 335, 353, 361, 376, 385, 414, 450, 451, 473, 487, 500, 528, 581, 582, 591, 600, 628, 645, 657, 675, 686, 710, 729, 740, 753, 759, 761, 791, 849, 856, 859, 903, 951, 968, 985, 1000, 1025, 1046, 1059, 1060, 1073, 1083, 1090, 1139, 1159, 1169, 1202, 1218, 1219, 1228, 1253, 1270, 1284, 1290, 1304, 1362, 1375, 1382, 1460, 1476, 1480, 1489, 1502, 1561, 1609, 1647, 1712, 1716, 1789, 1793, 1794, 1814, 1832, 1890, 1934, 1956, 1965, 1973, 2015, 2062, 2065, 2073, 2076, 2084, 2099, 2118, 2132, 2150, 2193, 2211, 2218, 2222, 2231, 2250, 2253, 2271, 2283, 2292, 2327, 2340, 2360, 2401, 2429, 2433, 2469, 2476]
[90, 113, 137, 149, 156, 160, 194, 226, 231, 252, 254, 264, 267, 327, 355, 403, 430, 454, 457, 493, 504, 515, 547, 562, 612, 669, 705, 736, 775, 777, 793, 808, 827, 846, 865, 885, 920, 930, 950, 989, 1009, 1011, 1038, 1039, 1052, 1082, 1107, 1114, 1132, 1140, 1143, 1166, 1176, 1187, 1196, 1206, 1217, 1232, 1241, 1250, 1257, 1280, 1300, 1311, 1317, 1333, 1345, 1350, 1359, 1369, 1402, 1421, 1437, 1441, 1463, 1517, 1528, 1541, 1577, 1593, 1595, 1600, 1619, 1621, 1632, 1665, 1675, 1692, 1699, 1732, 1750, 1756, 1769, 1771, 1824, 1846, 1862, 1872, 1897, 1917, 1938, 1992, 2012, 2032, 2037, 2055, 2095, 2156, 2165, 2167, 2181, 2212, 2296, 2312, 2379, 2390, 2404, 2422, 2446, 2466, 2486]
[88, 136, 155, 157, 166, 204, 224, 238, 252, 292, 317, 323, 340, 356, 361, 376, 396, 410, 413, 417, 429, 459, 491, 496, 534, 537, 547, 592, 670, 675, 714, 722, 733, 768, 833, 847, 876, 890, 935, 952, 974, 998, 1054, 1067, 1076, 1095, 1100, 1113]
[93, 106, 114, 122, 138, 172, 192, 205, 247, 255, 272, 281, 300, 332, 393, 423, 431, 451, 472, 504, 521, 554, 573, 609, 620, 637, 655, 671, 695, 739, 742, 744, 755, 774, 792, 796, 816, 851, 871, 908, 920, 964, 972, 984, 986, 1007, 1022, 1038, 1051, 1056, 1062, 1096, 1101]
[8, 11, 22, 30, 45, 59, 67, 70, 72, 77, 87, 105, 110, 113, 114, 136, 140, 182, 193, 198, 226, 241, 251, 252, 291, 311, 313, 353, 378, 413, 484, 502, 510, 672, 675, 695, 698, 707, 723, 769, 776, 808, 815, 894, 929, 938, 999, 1017, 1035, 1080, 1089, 1113]
[10, 68, 91, 97, 120, 160, 174, 191, 218, 240, 242, 272, 327, 333, 364, 393, 398, 417, 429, 445, 455, 469, 514, 530, 549, 565, 584, 603, 612, 616, 630, 643, 657, 658, 739, 757, 784, 785, 790, 828, 847, 865, 880, 882, 909, 958, 967, 971, 980, 1043, 1048, 1062, 1071, 1098]
[98, 150, 157, 194, 220, 260, 278, 322, 341, 358, 367, 368, 380, 405, 452, 454, 459, 496, 501, 509, 542]
[116, 123, 135, 175, 191, 200, 222, 242, 297, 302, 360, 372, 376, 388, 418, 431, 434, 461, 472, 482, 492, 525, 530, 547]
[5, 30, 39, 51, 78, 109]
[10, 43, 71, 73, 95]
# vzemite jih v pare
[39, 110, 130, 188, 202, 247, 259, 270, 327, 343, 349, 355, 381, 447, 483, 496, 517, 538, 555, 573, 601, 606, 670, 702, 742, 762, 781, 797, 825, 839, 849, 866, 881, 918, 921, 938, 948, 966, 991, 992, 1012, 1033, 1055, 1139, 1152, 1194, 1212]
[48, 66, 83, 91, 143, 150, 165, 170, 173, 195, 211, 216, 217, 228, 288, 300, 313, 362, 396, 406, 410, 418, 433, 435, 451, 471, 512, 524, 532, 541, 578, 592, 624, 640, 642, 644, 660, 686, 722, 776, 779, 788, 808, 869, 877, 900, 928, 936, 986, 1015, 1039, 1074, 1079, 1086, 1098, 1100, 1120, 1163, 1173, 1183, 1229]
[94, 102, 118, 132, 150, 159, 179, 202, 208, 214, 232, 274, 281, 306, 323, 352, 359, 373, 384, 413, 428, 433, 531, 532, 602, 625, 642, 696, 697, 699, 717, 776, 816, 836, 856, 869, 892, 909, 922, 949, 983, 1017, 1035, 1113, 1123, 1138, 1159, 1161, 1166, 1175, 1183, 1192, 1197, 1211]
[95, 123, 196, 250, 257, 295, 317, 322, 337, 402, 414, 449, 452, 462, 468, 485, 489, 501, 514, 538, 550, 559, 565, 585, 600, 612, 622, 652, 667, 681, 723, 739, 753, 772, 784, 788, 796, 879, 880, 941, 965, 991, 1005, 1048, 1066, 1072, 1079, 1093, 1115, 1129, 1145, 1222]
[39, 79, 92, 103, 169, 182, 233, 242, 275, 301, 331, 354, 378, 383]
[40, 55, 71, 111, 129, 132, 145, 154, 163, 164, 195, 211, 221, 261, 286, 319, 343, 362, 386]
[28, 50, 73, 98, 116, 132, 157, 160, 180, 251, 270, 273, 283, 285, 288, 305, 324, 332, 348, 359, 375, 393, 405, 485, 531, 568, 583, 586, 624, 626, 675, 707, 752, 765, 767, 803, 814, 837, 852, 897, 900, 903, 917, 918, 946, 990, 1000]
[33, 37, 55, 71, 84, 88, 96, 113, 126, 137, 176, 189, 206, 216, 220, 233, 261, 280, 336, 416, 433, 453, 467, 468, 503, 517, 548, 594, 614, 625, 639, 659, 666, 668, 674, 683, 689, 706, 724, 726, 731, 743, 779, 789, 809, 825, 828, 829, 869, 880, 891, 909, 913, 928, 957, 968, 981, 1016]
[52, 133, 151, 173, 181, 197, 277, 351, 391, 438, 454, 459, 487, 526, 529, 535, 578, 597, 607, 613, 660, 670, 683, 726, 755, 769, 796, 806, 809, 852, 861, 896, 934, 950, 963, 987, 994, 997, 1002, 1060, 1080, 1082, 1131, 1150, 1155, 1208, 1240, 1259, 1287, 1298]
[72, 84, 96, 113, 156, 198, 216, 234, 247, 266, 281, 291, 306, 313, 331, 343, 345, 364, 384, 393, 405, 417, 421, 423, 466, 476, 492, 511, 534, 539, 548, 562, 627, 630, 640, 669, 702, 712, 725, 739, 787, 829, 842, 846, 880, 889, 916, 948, 964, 974, 984, 991, 993, 1018, 1034, 1051, 1090, 1093, 1112, 1172, 1189, 1200, 1221, 1268, 1318]
[14, 33, 59, 74, 81, 97, 117, 127, 153, 164, 171, 187, 222, 266, 297, 305, 315, 332, 350, 374, 382, 406, 416, 436, 455, 465, 478, 482, 511, 568, 584, 592, 601, 607, 628, 630, 650, 691, 709, 757, 775, 802, 862, 880, 896, 902, 911, 919, 925, 945, 967, 1006, 1049]
[23, 44, 73, 109, 144, 202, 242, 248, 284, 287, 314, 366, 393, 400, 426, 467, 496, 507, 521, 531, 538, 552, 597, 605, 610, 655, 671, 726, 741, 762, 784, 791, 817, 836, 838, 849, 889, 901, 928, 931, 937, 949, 987, 992, 1004, 1024, 1028, 1032, 1060]
[15, 39, 46, 55, 81, 87, 101, 125, 144, 160, 167, 184, 262, 292, 302, 330, 334, 370, 414, 452, 464, 489, 499, 521, 573, 607, 638, 657, 677, 845, 871, 918, 943, 969, 1008, 1011, 1053, 1071, 1085, 1104, 1131, 1144, 1163, 1195, 1201, 1228, 1241, 1253, 1255, 1264, 1294, 1331]
[30, 61, 71, 110, 138, 190, 209, 228, 243, 277, 314, 329, 338, 354, 369, 385, 404, 433, 460, 471, 501, 540, 549, 564, 586, 601, 620, 695, 707, 712, 730, 747, 756, 763, 776, 789, 793, 806, 819, 825, 855, 872, 878, 885, 899, 924, 950, 988, 989, 1005, 1024, 1038, 1066, 1120, 1121, 1167, 1186, 1210, 1282, 1309, 1319]
[55, 101, 117, 122, 135, 139, 185, 187, 229, 234, 242, 260, 277, 289, 293, 296, 299, 310, 321, 339, 369, 383, 401, 424, 474, 483, 494, 524, 559, 573, 623, 634, 688, 716, 732, 735, 745, 795, 825, 836, 876, 911, 928, 945, 949, 969, 993, 1004, 1043, 1050, 1062]
[67, 80, 85, 87, 142, 157, 167, 199, 205, 209, 278, 292, 342, 346, 352, 386, 399, 412, 436, 455, 472, 475, 477, 512, 513, 540, 557, 582, 593, 596, 610, 650, 663, 667, 672, 706, 765, 772, 780, 799, 815, 848, 857, 895, 930, 979, 1007, 1011, 1024, 1040, 1058]
[18, 46, 96, 113, 131, 165, 204, 221, 224, 230, 260, 286, 290, 328, 352, 382, 392, 409, 429, 508, 524, 562, 620, 658, 676, 692, 742, 761, 795, 822, 877, 900, 949, 983, 1023, 1026, 1042, 1060, 1076, 1108, 1114, 1120, 1143, 1194]
[31, 59, 72, 81, 99, 104, 130, 149, 154, 184, 242, 279, 306, 323, 342, 349, 351, 362, 395, 405, 416, 432, 446, 463, 482, 499, 502, 525, 538, 546, 573, 591, 609, 626, 635, 648, 701, 718, 723, 728, 777, 798, 809, 839, 844, 860, 887, 892, 911, 913, 923, 943, 962, 967, 991, 993, 1002, 1012, 1057, 1058, 1085, 1093, 1113, 1129, 1163, 1180, 1187]
[75, 95, 97, 108, 124, 144, 148, 149, 169, 179, 192, 210, 216, 267, 303, 319, 339, 373, 401, 407, 432, 458, 468, 481, 511, 515, 525, 606, 656, 674, 677, 684, 713, 741, 757, 773, 793, 820, 896, 930, 947, 960, 1022, 1040, 1041, 1054, 1055, 1088, 1107, 1143, 1159, 1178, 1224, 1231, 1239, 1257, 1284, 1294, 1322, 1332, 1353, 1371, 1404, 1424, 1437, 1483, 1487, 1503, 1511, 1548, 1566, 1582, 1616, 1667, 1679, 1734, 1751, 1754, 1773, 1832, 1839, 1853, 1901, 1914, 1958, 1987, 2058, 2072, 2085, 2087, 2099, 2116, 2161, 2185, 2198, 2211, 2222, 2274, 2302, 2341, 2373, 2443, 2449, 2459, 2468, 2481, 2497]
[79, 135, 197, 204, 220, 231, 244, 255, 284, 357, 385, 418, 425, 452, 482, 484, 488, 506, 535, 550, 554, 563, 568, 584, 603, 604, 623, 639, 687, 692, 698, 720, 734, 735, 746, 753, 785, 800, 834, 853, 862, 880, 904, 914, 968, 987, 993, 1009, 1012, 1019, 1069, 1118, 1129, 1190, 1198, 1214, 1240, 1271, 1293, 1312, 1343, 1346, 1388, 1394, 1401, 1452, 1464, 1474, 1519, 1528, 1561, 1600, 1613, 1627, 1638, 1653, 1656, 1671, 1676, 1697, 1706, 1710, 1712, 1731, 1739, 1755, 1758, 1790, 1802, 1819, 1826, 1873, 1884, 1928, 1946, 1962, 1967, 2001, 2021, 2026, 2038, 2047, 2076, 2126, 2134, 2149, 2175, 2187, 2217, 2234, 2235, 2254, 2256, 2265, 2277, 2287, 2301, 2322, 2357, 2387, 2396, 2403, 2421, 2435, 2453, 2469, 2511]
[43, 96, 114, 115, 173, 211, 305, 331, 354, 391, 419, 422, 438]
[61, 76, 107, 124, 144, 164, 193, 200, 208, 225, 231, 246, 263, 281, 297, 323, 351, 373, 401, 456]
[29, 63, 137, 139, 143, 195, 234, 268, 274, 304, 357, 411, 415, 418, 422, 509, 543, 582, 589, 592, 600, 632, 637, 690, 704, 712, 721, 722, 730, 749, 780, 786, 824, 840, 877, 896, 949, 963, 974, 988, 1011, 1020, 1033, 1050, 1073, 1082, 1087, 1103, 1143, 1147]
[43, 55, 77, 82, 100, 118, 155, 160, 178, 189, 215, 250, 292, 320, 335, 354, 375, 390, 393, 420, 421, 435, 453, 463, 481, 490, 529, 563, 612, 648, 664, 683, 761, 770, 779, 794, 796, 813, 836, 839, 858, 867, 887, 910, 930, 997, 1059, 1119, 1120, 1131, 1146]
[20, 119, 122, 131, 149, 172, 209, 215, 234, 265, 275, 373, 390, 479, 523, 532, 552, 561, 571, 621, 622, 629, 646, 666, 679, 695, 706, 742, 743, 765, 792, 799, 813, 844, 863, 872, 880, 922, 940, 1003, 1022, 1052, 1071, 1077, 1081, 1092, 1111, 1151, 1159, 1174, 1210, 1223]
[26, 44, 63, 78, 79, 96, 104, 113, 164, 183, 197, 239, 253, 286, 298, 318, 322, 342, 351, 368, 394, 406, 424, 444, 461, 476, 497, 503, 525, 538, 581, 596, 606, 624, 653, 720, 733, 745, 782, 785, 824, 847, 855, 877, 886, 889, 906, 907, 949, 968, 987, 1005, 1037, 1049, 1118, 1134, 1179, 1186, 1193, 1220]
[32, 49, 61, 80, 85, 102, 122, 128, 134, 161, 216, 233, 243, 263, 292, 332, 347, 358, 366, 405, 426, 430, 435, 445, 466, 478, 498, 506, 517, 520, 573, 598, 612, 633, 637, 672, 689, 706, 750, 763, 779, 812, 829, 864, 940, 941, 945, 989, 1029, 1036, 1067, 1096, 1125, 1174, 1186, 1190, 1221, 1233, 1269, 1284, 1307, 1317, 1338, 1344, 1351, 1366, 1385, 1393, 1402, 1430, 1431, 1456, 1478, 1493, 1512, 1531, 1595, 1598, 1654, 1684, 1696, 1699, 1719, 1760, 1775, 1780, 1802, 1807, 1835, 1864, 1893, 1905, 1907, 1913, 1925, 1945, 1970, 1989, 1996, 2015, 2027, 2031, 2044, 2068, 2086, 2090, 2109, 2117, 2144, 2153, 2168, 2181, 2202, 2207, 2233, 2241, 2251, 2256, 2298, 2328, 2344, 2365, 2368, 2389, 2407, 2425, 2429, 2444, 2486, 2503, 2509, 2544, 2546, 2561, 2595, 2596, 2615, 2651, 2667, 2704, 2728, 2754, 2775, 2805]
[42, 127, 142, 175, 188, 202, 235, 258, 279, 300, 315, 386, 397, 424, 437, 454, 467, 527, 536, 541, 557, 591, 616, 619, 644, 657, 681, 722, 740, 772, 774, 798, 847, 884, 899, 918, 929, 955, 967, 981, 1006, 1014, 1053, 1065, 1068, 1088, 1100, 1117, 1140, 1160, 1208, 1211, 1236, 1253, 1283, 1296, 1330, 1408, 1418, 1427, 1445, 1476, 1477, 1510, 1520, 1535, 1544, 1547, 1565, 1576, 1612, 1614, 1625, 1627, 1639, 1653, 1666, 1737, 1756, 1758, 1787, 1824, 1845, 1861, 1871, 1884, 1896, 1963, 1991, 2012, 2035, 2040, 2055, 2120, 2135, 2188, 2203, 2227, 2235, 2273, 2289, 2314, 2319, 2325, 2347, 2366, 2375, 2399, 2462, 2478, 2480, 2521, 2540, 2557, 2575, 2591, 2631, 2680, 2689, 2724, 2726, 2745, 2746, 2767, 2785, 2811]
[95, 109, 124, 135, 146, 206, 298, 299, 304, 306, 364, 370, 387, 395, 400, 408, 444, 464, 471, 482, 500, 519, 520, 529, 541, 548, 561, 569, 586, 610, 613, 629, 642, 660, 666, 683, 692, 699, 730, 741, 756, 770, 784, 787, 800, 810, 839, 899, 917, 927, 932, 948, 979, 990]
[108, 149, 151, 166, 168, 175, 191, 193, 203, 219, 224, 231, 251, 264, 280, 283, 287, 325, 333, 353, 382, 399, 427, 428, 429, 453, 460, 461, 509, 599, 651, 713, 765, 788, 828, 859, 878, 895, 913, 920, 925, 953, 962, 994]
[0, 24, 27, 75, 77, 106, 127, 136, 140, 147, 237, 264, 309, 314, 324, 331, 383, 409, 428, 454, 517, 545, 558, 567, 580, 616, 694, 713, 742, 769, 791, 814, 817, 848, 861, 892, 932, 966, 988, 995, 1040]
[19, 47, 49, 65, 89, 105, 119, 121, 149, 169, 176, 194, 199, 206, 210, 215, 231, 234, 236, 248, 275, 280, 293, 317, 318, 345, 364, 390, 408, 415, 446, 470, 480, 493, 494, 512, 521, 529, 582, 592, 604, 623, 640, 655, 667, 677, 681, 731, 753, 783, 803, 804, 833, 865, 871, 877, 879, 898, 917, 925, 928, 938, 951, 970, 1010, 1022, 1059]
[46, 110, 120, 127, 145, 187, 199, 237, 241, 266, 279, 293, 299, 312, 321, 332, 342, 357, 441, 460, 463, 512, 513, 520, 557, 571, 588, 597, 612, 615, 644, 656, 677, 683, 758, 776, 781, 806, 834, 835, 848, 865, 871, 888, 900, 910, 911, 947, 958, 979, 988, 1002, 1050]
[58, 70, 83, 96, 119, 153, 167, 201, 221, 240, 251, 278, 284, 377, 387, 406, 420, 424, 438, 439, 453, 457, 475, 492, 530, 543, 550, 629, 653, 661, 691, 711, 724, 736, 750, 773, 801, 814, 830, 874, 877, 931, 966, 1016, 1034]
[31, 87, 88, 103, 109, 143, 161, 168, 190, 206, 242, 254, 318, 324, 342, 359, 386, 388, 391, 398, 436, 447, 468, 474, 520, 561, 578, 581, 618, 630, 645, 676, 696, 699, 721, 728, 744, 770, 795, 805, 808, 818, 874, 894, 912, 920, 924, 943, 970, 988, 1013, 1038, 1054, 1097, 1100, 1118, 1136, 1155, 1162, 1183, 1211, 1221, 1231, 1251, 1263, 1289]
[39, 41, 60, 79, 125, 149, 170, 200, 216, 223, 238, 264, 284, 301, 302, 374, 376, 416, 429, 448, 484, 491, 497, 509, 514, 538, 549, 588, 602, 624, 663, 702, 751, 753, 782, 829, 837, 856, 952, 1008, 1027, 1036, 1071, 1078, 1104, 1142, 1168, 1197, 1244, 1250, 1279]
[56, 76, 85, 134, 157, 193, 206, 250, 342, 345, 378]
[64, 73, 95, 114, 127, 136, 143, 169, 184, 186, 217, 232, 234, 258, 274, 280, 283, 303, 321, 323, 333, 358]
[12, 57, 78, 89, 108, 126, 139, 156, 160, 166, 171, 205, 236, 264, 282, 299, 307, 335, 460, 499, 522, 530, 553, 610, 622, 634, 650, 669, 708, 720, 721, 733, 739, 755, 795, 812, 838, 854, 856, 869, 889, 906, 917, 933, 941, 945, 950, 992, 996, 1039]
[15, 16, 35, 46, 71, 97, 116, 172, 186, 223, 249, 289, 323, 351, 367, 369, 389, 397, 409, 429, 449, 466, 486, 514, 517, 542, 560, 568, 579, 583, 586, 596, 613, 639, 641, 681, 688, 759, 765, 779, 784, 798, 819, 840, 914, 959, 975, 1011, 1021, 1029, 1035]
[56, 67, 110, 118, 141, 160, 167, 184, 250, 251, 264, 267, 295, 323, 341, 353, 375, 398, 414, 436, 441, 461, 464, 519, 526, 528, 552, 571, 584, 632, 693, 708, 724, 753, 797, 833, 850, 864, 982, 983, 1029, 1035, 1045, 1093]
[57, 83, 95, 124, 165, 197, 202, 222, 233, 255, 278, 296, 309, 352, 363, 390, 426, 434, 443, 444, 484, 501, 513, 548, 573, 594, 610, 625, 648, 664, 673, 740, 761, 778, 799, 814, 819, 854, 882, 884, 902, 916, 931, 948, 961, 977, 995, 999, 1011, 1018, 1060, 1074, 1078, 1109]
[44, 62, 79, 94, 159, 168, 189, 206, 218, 252, 269, 325, 337, 354, 369, 385, 388, 393, 423, 435, 453, 490, 517, 526, 592, 629, 719, 721, 734, 746, 792, 807, 826, 832, 833, 839, 852, 860, 892, 920, 944, 958, 959, 962, 996, 1013, 1021, 1022, 1031, 1055, 1061, 1073, 1098, 1099, 1127, 1143, 1154, 1183, 1202, 1209]
[51, 91, 96, 112, 131, 145, 158, 171, 174, 199, 236, 285, 297, 306, 410, 422, 462, 467, 469, 472, 505, 546, 559, 572, 607, 627, 637, 657, 668, 681, 687, 706, 708, 728, 765, 775, 799, 825, 874, 889, 902, 932, 976, 990, 1007, 1038, 1054, 1088, 1113, 1173, 1213]
[81, 109, 120, 133, 154, 174, 179, 183, 213, 216, 251, 256, 266, 271, 275, 311, 318, 333, 389, 412, 428, 429, 472, 504, 519, 537, 557, 572]
[89, 140, 151, 199, 226, 233, 292, 349, 369, 388, 406, 449, 458, 487, 546, 556, 563]
[27, 69, 83, 118]
[37, 47, 53, 85, 95, 96, 103]
[95, 127, 175, 182, 188, 206, 230, 241, 247, 259, 260, 280, 312, 332, 334, 340, 355, 372, 389, 437, 450, 472, 485, 495, 507, 511, 542, 564, 612, 717, 735, 742, 778, 788, 791, 798, 801, 836, 855, 874, 888, 993, 997, 1013, 1071, 1082, 1114, 1117, 1189, 1197, 1214, 1234]
[114, 123, 144, 146, 163, 219, 293, 327, 361, 390, 405, 417, 435, 439, 460, 464, 505, 528, 535, 557, 568, 586, 592, 628, 644, 645, 648, 660, 664, 683, 697, 759, 792, 808, 818, 822, 831, 907, 917, 932, 949, 968, 976, 1021, 1025, 1045, 1061, 1096, 1103, 1129, 1133, 1152, 1166, 1175, 1194, 1252]
[24, 47, 68, 105, 117, 122, 139, 176, 187, 196, 202, 209, 232, 242, 282, 312, 342, 370, 389, 403, 428, 438, 504, 545, 568, 583, 644, 684, 692, 708, 724, 728, 734, 750, 758, 775, 786, 820, 839, 857, 864, 876, 912, 935, 968, 983, 985, 992, 995, 1002, 1019, 1024, 1073, 1092, 1138, 1151, 1167, 1172, 1186]
[26, 40, 48, 85, 127, 133, 153, 158, 218, 222, 249, 261, 264, 291, 305, 323, 347, 351, 383, 411, 448, 466, 483, 497, 517, 525, 542, 550, 595, 615, 626, 664, 702, 802, 814, 850, 852, 856, 882, 883, 902, 923, 943, 950, 1016, 1036, 1055, 1083, 1107, 1121, 1147, 1168, 1198]
[70, 133, 146, 153, 168, 206, 212, 219, 223, 277, 284, 327, 343, 364, 371, 390, 407, 408, 424, 459, 461, 491]
[80, 83, 86, 103, 111, 116, 140, 160, 175, 191, 233, 236, 251, 263, 275, 300, 310, 348, 353, 414, 439, 470, 472]
[19, 38, 65, 87, 95, 111, 120, 128, 139, 156, 162, 176, 193, 200, 217, 226, 272, 288, 304, 305, 316]
[31, 47, 76, 219, 229, 234, 241, 249, 256, 274, 294, 319]
[6, 9, 35, 49, 60, 64, 116, 162, 181, 238, 264, 270, 297, 310, 313, 317, 323, 336, 392, 408, 409, 439, 460, 493, 523, 537, 538, 545, 547, 556, 600, 609, 708, 791, 797, 830, 856, 874, 903, 906, 1011, 1047, 1050, 1078, 1094, 1106]
[8, 24, 79, 90, 105, 128, 140, 158, 200, 220, 226, 235, 258, 283, 355, 369, 384, 423, 433, 450, 459, 468, 473, 511, 539, 575, 593, 598, 627, 631, 638, 658, 659, 673, 691, 727, 747, 766, 784, 812, 824, 845, 884, 888, 897, 920, 932, 936, 942, 957, 962, 976, 996, 1028, 1030, 1045, 1054, 1063, 1076, 1088, 1105, 1109]
[55, 76, 103, 129, 137, 139, 202, 234, 281, 319, 361, 369, 420, 438, 477, 577, 623, 661, 699, 712, 734, 738, 772, 813, 819, 841, 858, 872, 903, 936, 941, 961, 985, 989, 994, 1019, 1039, 1073, 1094, 1097, 1109, 1120, 1125, 1129, 1141, 1157, 1161, 1170, 1196]
[73, 92, 111, 144, 149, 165, 169, 188, 220, 243, 257, 274, 279, 296, 310, 334, 340, 355, 389, 401, 458, 482, 485, 496, 497, 508, 520, 539, 545, 559, 573, 595, 600, 618, 638, 646, 676, 693, 723, 752, 781, 789, 800, 804, 835, 882, 883, 922, 974, 1003, 1047, 1049, 1059, 1079, 1085, 1088, 1136, 1139, 1153, 1156, 1176, 1181, 1214]
[75, 88, 94, 108, 128, 132, 147, 150, 173, 191, 193, 194, 198, 203, 215, 224, 228, 299, 322, 350, 368, 395, 454, 484, 504, 521, 529, 541, 574, 607, 647, 665, 711, 749, 760, 795, 809, 850, 854, 968, 980, 999, 1027, 1046, 1071, 1084, 1097, 1111, 1128, 1135]
[79, 99, 154, 216, 223, 234, 241, 256, 258, 261, 280, 314, 341, 344, 347, 359, 377, 392, 399, 406, 424, 438, 461, 467, 475, 549, 550, 558, 590, 620, 625, 642, 683, 701, 714, 729, 774, 784, 827, 833, 843, 866, 883, 903, 923, 939, 956, 1007, 1044, 1057, 1141]
[80, 103, 128, 137, 142, 150, 153, 175, 206, 221, 232, 255, 260, 278, 294, 370, 394, 401, 423, 437, 457, 477, 488, 508, 516, 546, 551, 584, 588, 592, 618, 627, 641, 664, 715, 743, 783, 794, 795, 842, 855, 865, 873, 883, 944, 949, 960, 967, 977, 987, 997, 1035, 1050, 1067, 1076, 1102]
[82, 89, 94, 120, 164, 195, 217, 243, 259, 308, 319, 337, 356, 376, 411, 536, 559, 567, 598, 614, 628, 652, 677, 684, 696, 728, 734, 755, 760, 771, 772, 809, 823, 832, 861, 866, 867, 899, 911, 915, 929, 976, 998, 1015, 1070, 1089]
[81, 117, 152, 165, 173, 178, 199, 235, 248, 277, 289, 295, 310, 325, 333, 339, 372, 390, 392, 396, 397, 417, 465, 476, 484, 496, 515, 580, 590, 616, 656, 664, 689, 707, 726, 763, 783, 854, 859, 901, 911, 946, 968, 1002, 1010, 1025, 1065, 1071, 1091, 1111, 1160, 1164, 1187, 1192, 1245, 1290, 1310]
[89, 104, 136, 184, 189, 214, 219, 257, 293, 316, 356, 361, 434, 448, 459, 480, 526, 541, 553, 557, 571, 605, 631, 648, 669, 718, 738, 755, 798, 815, 835, 853, 865, 871, 886, 923, 931, 943, 957, 984, 1032, 1045, 1047, 1052, 1088, 1127, 1143, 1173, 1177, 1198, 1201, 1208, 1221, 1228, 1264, 1284, 1289, 1312]
[97, 102, 123, 142, 152, 164, 169, 180, 185, 196, 219, 227, 238, 253, 273, 312, 339, 361, 371, 401]
[100, 103, 111, 215, 225, 266, 274, 283, 300, 329, 337, 350, 389]
[62, 105, 145, 156, 175, 289, 299, 304, 314, 320, 326, 334, 366, 379, 386, 403, 433, 446, 460, 494, 501, 516, 558, 569, 584, 598, 607, 615, 684, 718, 746, 761, 769, 799, 803, 813, 825, 864, 897, 907, 949, 1003, 1026, 1048, 1060, 1071, 1075, 1094, 1111, 1126, 1178, 1196, 1199, 1215, 1240, 1247, 1264, 1278]
[77, 82, 97, 121, 134, 176, 183, 201, 220, 239, 258, 269, 308, 348, 361, 384, 387, 421, 435, 463, 479, 532, 552, 577, 580, 595, 634, 652, 668, 677, 703, 732, 758, 771, 788, 816, 829, 848, 877, 925, 926, 933, 959, 966, 981, 997, 1001, 1007, 1039, 1057, 1107, 1142, 1157, 1164, 1177, 1222, 1234, 1287]
[72, 101, 175, 206, 214, 224, 243, 245, 265, 271, 297, 342, 345, 390, 405, 446, 454, 465, 471, 479, 525, 540, 561, 602, 604, 623, 644, 676, 678, 682, 689, 757, 789, 802, 829, 841, 849, 865, 889, 912, 929, 947, 960, 962, 979, 991, 992, 1079, 1098, 1110, 1142, 1162, 1174, 1198]
[73, 86, 120, 134, 153, 164, 169, 190, 194, 283, 291, 293, 314, 326, 328, 333, 349, 353, 371, 409, 428, 472, 474, 490, 503, 509, 516, 553, 558, 581, 596, 639, 660, 705, 721, 741, 758, 764, 770, 810, 816, 846, 866, 876, 887, 906, 953, 978, 982, 1009, 1021, 1032, 1035, 1045, 1047, 1066, 1125, 1184]
[21, 42, 62, 79, 111, 117, 148, 166, 182, 204, 222, 236, 265, 326, 329, 338, 393, 421, 423, 497, 531, 558, 574, 582, 612, 632, 636, 694, 730, 731, 751, 805, 837, 856, 875, 976, 990, 1007, 1061, 1077, 1081, 1094, 1105, 1133, 1150, 1156, 1190, 1204, 1222]
[28, 95, 96, 129, 175, 186, 213, 232, 253, 255, 270, 288, 289, 306, 342, 360, 377, 401, 437, 452, 465, 466, 481, 490, 514, 551, 559, 571, 581, 594, 595, 597, 601, 607, 627, 634, 649, 663, 676, 712, 716, 740, 771, 787, 825, 877, 886, 891, 906, 923, 936, 956, 977, 1004, 1025, 1037, 1052, 1055, 1117, 1174, 1181, 1239]
[57, 95, 105, 149, 159, 181, 196, 235, 269, 280, 284, 336, 350, 385, 390, 392, 439, 452, 472, 482, 512, 517, 539, 574, 583, 591, 623, 628, 646, 648, 653, 656, 667, 693, 705, 742, 767, 778, 786, 843, 868, 883, 901, 921, 934, 969, 997, 1004, 1010, 1020, 1023, 1038, 1069, 1073, 1100]
[63, 74, 87, 116, 136, 177, 215, 251, 300, 304, 316, 345, 362, 381, 409, 419, 440, 443, 456, 475, 488, 508, 523, 551, 563, 600, 603, 687, 722, 743, 754, 805, 822, 824, 858, 906, 951, 983, 1003, 1017, 1053, 1075, 1087, 1096, 1120]
[45, 89, 101, 137, 142, 187, 233, 269, 276, 295, 314, 322, 323, 344, 389, 438, 460, 463, 470, 481, 521, 527, 550, 573, 592, 605, 648, 674, 688, 716, 734, 740, 744, 759, 768, 784, 834, 837, 850, 857, 872, 902, 935, 947, 985, 992, 1036, 1071]
[57, 71, 100, 120, 154, 168, 205, 212, 213, 225, 236, 248, 257, 258, 293, 338, 353, 373, 378, 396, 398, 418, 445, 468, 501, 547, 555, 582, 601, 603, 619, 628, 654, 687, 700, 707, 726, 743, 767, 795, 803, 818, 855, 882, 884, 889, 921, 965, 997, 1012, 1027, 1043, 1057, 1078]
[63, 90, 106, 125, 128, 197, 210, 247, 279, 328, 360, 399, 414]
[69, 81, 87, 141, 156, 165, 183, 193, 199, 227, 259, 284, 299, 310, 321, 339, 353, 380, 384, 405]
[82, 102, 109, 131, 164, 221, 264, 277, 313, 324, 337, 344, 373, 375, 389, 409, 428, 455, 469, 498, 510, 524, 536, 555, 558, 562, 569, 602, 643, 682, 702, 728, 748, 776, 794, 854, 868, 870, 877, 893, 947, 981, 1020, 1044, 1056, 1080, 1161, 1167, 1178, 1182, 1186, 1200, 1214, 1255]
[95, 120, 128, 146, 174, 178, 196, 206, 238, 241, 244, 293, 296, 315, 336, 353, 379, 445, 482, 582, 592, 596, 609, 619, 626, 663, 716, 737, 759, 813, 826, 835, 894, 897, 914, 927, 961, 1001, 1007, 1026, 1028, 1075, 1092, 1110, 1122, 1141, 1146, 1151, 1231, 1237, 1265]
[80, 103, 107, 126, 137, 155, 167, 205, 208, 212, 225, 262, 270, 280, 294, 312, 314, 338, 375, 387, 390, 419, 443, 486, 512, 530, 546, 579, 663, 674, 697, 740, 752, 906, 912, 931, 939, 958, 962, 977, 1027, 1112, 1131, 1161, 1164, 1171, 1175, 1201, 1228, 1280]
[82, 100, 130, 168, 185, 231, 251, 333, 344, 362, 364, 406, 410, 427, 449, 464, 466, 499, 507, 555, 562, 595, 610, 623, 638, 657, 683, 712, 728, 737, 769, 785, 794, 799, 801, 815, 823, 843, 858, 869, 881, 898, 901, 918, 988, 1008, 1030, 1049, 1068, 1085, 1097, 1130, 1136, 1142, 1146, 1151, 1183, 1212, 1236, 1252, 1255, 1261]
[40, 75, 83, 95, 117, 134, 163, 186, 241, 276, 297, 329, 347, 400, 449, 450, 460, 463, 500, 532, 585, 608, 623, 629, 635, 648, 675, 712, 761, 778, 804, 810, 814, 823, 833, 834, 837, 852, 886, 902, 921, 953, 968, 983, 999, 1019, 1090]
[49, 64, 67, 113, 115, 152, 167, 198, 206, 219, 221, 248, 256, 291, 314, 364, 380, 407, 417, 418, 432, 459, 483, 499, 519, 545, 564, 573, 596, 613, 634, 655, 694, 707, 730, 740, 745, 751, 759, 786, 850, 862, 868, 878, 881, 911, 936, 937, 1029, 1042, 1056, 1063, 1069, 1078]
[58, 82, 118, 164, 180, 197, 209, 244, 264, 286, 295, 325, 362, 370, 379, 391, 407, 443, 448, 469, 485, 544, 545, 549, 569, 582, 597, 633, 658, 679, 684, 692, 718, 725, 781, 799, 812, 832, 854, 905, 922, 940, 955, 968, 983, 1019, 1038, 1041, 1056, 1067, 1084, 1098, 1114, 1133, 1179, 1185, 1226, 1243]
[68, 88, 104, 135, 151, 160, 205, 214, 234, 262, 281, 313, 326, 342, 348, 356, 397, 399, 425, 453, 492, 493, 509, 527, 615, 640, 667, 673, 704, 720, 733, 748, 766, 769, 820, 841, 866, 884, 890, 999, 1138, 1151, 1157, 1164, 1200, 1212, 1213, 1258]
[79, 97, 122, 124, 152, 170, 186, 193, 198, 212, 218, 247, 256, 266, 268, 286, 326, 338, 382, 392, 433, 461, 483]
[93, 106, 138, 148, 161, 165, 234, 248, 252, 296, 309, 349, 357, 359, 369, 410, 416, 429, 440, 445, 474, 497]
[99, 121, 139, 168, 183, 191, 218]
[113, 151, 205, 216]
# pare zlijte skupaj in preštejte
[83, 109, 116, 122, 161, 206, 261, 275, 283, 288, 314, 329, 348, 364, 388, 405, 422, 424, 437, 475, 481, 489, 515, 534, 546, 602, 612, 651, 674, 685, 687, 699, 740, 788, 799, 819, 830, 849, 869, 870, 907, 941, 973, 984, 990, 992, 1052, 1068, 1080, 1119, 1143, 1160, 1177, 1192, 1197, 1218, 1235, 1247, 1267, 1290]
[88, 90, 142, 181, 199, 210, 225, 233, 244, 263, 264, 305, 307, 339, 358, 378, 430, 448, 463, 502, 525, 538, 563, 582, 617, 620, 631, 654, 701, 717, 734, 751, 760, 780, 789, 832, 881, 892, 925, 956, 1008, 1024, 1033, 1043, 1051, 1054, 1084, 1099, 1136, 1208, 1233, 1261, 1286]
[11, 56, 76, 86, 106, 117, 120, 139, 195, 208, 223, 246, 276, 296, 316, 337, 349, 390, 461, 485, 494, 524, 600, 650, 663, 671, 682, 718, 741, 757, 774, 788, 789, 837, 848, 893, 917, 918, 935, 961, 964, 978, 996, 1013, 1071, 1079, 1081, 1098, 1124, 1127, 1153, 1159, 1194]
[29, 46, 153, 169, 187, 196, 215, 232, 265, 321, 339, 359, 376, 410, 412, 413, 427, 443, 462, 468, 510, 519, 522, 544, 556, 561, 564, 580, 614, 615, 632, 638, 659, 668, 678, 698, 705, 737, 743, 762, 785, 806, 817, 857, 861, 876, 908, 915, 931, 953, 956, 1025, 1038, 1041, 1056, 1076, 1102, 1105, 1143, 1167, 1173, 1190]
[13, 28, 37, 51, 70, 78, 107, 116, 135, 144, 160, 210, 226, 242, 245, 262, 264, 280, 283, 318, 337, 346, 357, 359, 373, 382, 430, 445, 519, 543, 574, 590, 603, 621, 623, 654, 676, 686, 707, 715, 778, 792, 814, 819, 821, 842, 866, 885, 893, 906, 913, 930, 1007]
[18, 57, 75, 81, 90, 120, 130, 159, 175, 195, 243, 251, 268, 291, 308, 324, 328, 352, 394, 402, 420, 460, 467, 476, 487, 507, 525, 551, 567, 607, 611, 617, 624, 639, 661, 684, 689, 727, 741, 747, 765, 800, 812, 838, 860, 947, 967, 976, 993]
[47, 75, 79, 118, 127, 145, 165, 174, 209, 227, 264, 347, 365, 383, 422, 438, 440, 453, 489, 503, 530, 542, 593, 634, 652, 671, 691, 725, 738, 753, 761, 784, 822, 864, 901, 921, 937, 940, 950, 967, 987, 988, 1008, 1017, 1029, 1046, 1065, 1066, 1085, 1086, 1131, 1165, 1170, 1175, 1181, 1196, 1230]
[55, 74, 85, 90, 105, 114, 177, 184, 203, 246, 276, 282, 287, 295, 301, 307, 326, 332, 364, 381, 398, 405, 416, 429, 445, 446, 470, 507, 513, 557, 572, 581, 591, 603, 621, 648, 656, 710, 717, 718, 720, 729, 770, 804, 840, 846, 847, 858, 883, 929, 1106, 1116, 1145, 1212, 1215, 1235]
[0, 39, 52, 71, 86, 91, 96, 116, 130, 148, 171, 190, 205, 223, 243, 261, 278, 292, 310, 335, 373, 378, 392, 448, 453, 455, 501, 505, 532, 560, 577, 594, 608, 674, 677, 774, 797, 805, 816, 831, 834, 866, 874, 893, 915, 948, 1006, 1024, 1066, 1076, 1125]
[11, 20, 33, 34, 38, 98, 161, 195, 204, 233, 290, 308, 325, 354, 358, 404, 419, 427, 446, 474, 482, 522, 552, 579, 616, 632, 649, 658, 676, 682, 696, 712, 713, 731, 748, 758, 793, 800, 848, 872, 875, 899, 932, 935, 955, 960, 967, 986, 994, 1010, 1041, 1057, 1090, 1109, 1129]
[41, 77, 86, 113, 134, 144, 205, 231, 242, 259, 260, 285, 291, 300, 304, 309, 320, 335, 340, 373, 409, 411, 449, 461, 490, 502, 511, 538, 556, 566, 580, 582, 590, 610, 617, 674, 693, 712, 733, 757, 768, 793, 815, 838, 857, 875, 889, 895, 913, 918, 927, 961, 971, 987, 1006, 1024, 1038, 1066, 1078, 1094, 1112, 1126, 1139, 1146, 1157, 1178]
[54, 57, 103, 119, 146, 149, 167, 168, 170, 188, 208, 216, 245, 263, 267, 278, 306, 351, 370, 393, 430, 433, 466, 483, 520, 527, 564, 632, 649, 658, 709, 716, 744, 746, 756, 775, 797, 816, 830, 867, 926, 932, 950, 972, 1022, 1042, 1058, 1070, 1163]
[1, 8, 12, 31, 34, 75, 85, 154, 174, 276, 305, 333]
[2, 36, 49, 64, 94, 103, 121, 140, 166, 194, 211, 225, 226, 227, 236, 244, 255, 259, 287, 313, 332]
[90, 106, 131, 160, 171, 192, 220, 236, 266, 274, 286, 288, 290, 298, 311, 330, 349, 361, 374, 392, 403, 409, 442, 483, 560, 561, 566, 584, 590, 593, 625, 645, 689, 713, 757, 759, 762, 769, 776, 807, 819, 833, 851, 854, 864, 873, 912, 960, 1008, 1025, 1034, 1075, 1093, 1106, 1109, 1112, 1121, 1141, 1150, 1153, 1164]
[102, 120, 124, 151, 167, 172, 203, 247, 426, 457, 470, 489, 504, 508, 518, 534, 553, 568, 588, 610, 611, 646, 662, 678, 695, 728, 746, 747, 791, 850, 870, 893, 925, 941, 980, 983, 989, 1003, 1009, 1040, 1058, 1083, 1147, 1162, 1182]
[65, 130, 149, 178, 203, 226, 280, 283, 300, 306, 319, 327, 331, 385, 387, 408, 409, 418, 478, 505, 540, 560, 574, 579, 583, 588, 620, 639, 662, 681, 704, 728, 740, 760, 778, 824, 841, 863, 864, 891, 900, 913, 918, 921, 922, 958, 999, 1008, 1077, 1111, 1155, 1157, 1177, 1185, 1219, 1251, 1267, 1275, 1277, 1291, 1306, 1363, 1371]
[76, 80, 99, 112, 114, 163, 168, 194, 223, 231, 250, 264, 279, 329, 348, 361, 369, 399, 438, 447, 451, 461, 465, 488, 508, 522, 570, 602, 653, 699, 709, 789, 804, 854, 875, 906, 914, 939, 961, 979, 995, 1019, 1036, 1047, 1052, 1053, 1063, 1067, 1092, 1128, 1140, 1168, 1200, 1213, 1225, 1232, 1314, 1330, 1348, 1370]
[21, 70, 88, 101, 132, 151, 186, 201, 217, 221, 251, 253, 264, 287, 288, 302, 330]
[34, 53, 68, 112, 137, 163, 178, 191, 200, 236, 244, 254, 281, 289, 312, 315]
[40, 54, 124, 131, 150, 157, 183, 191, 210, 221, 231, 239, 297, 302, 333, 345, 395, 406, 420, 434, 444, 461, 478, 488, 489, 498, 501, 550, 563, 578, 581, 583, 589, 594, 619, 637, 674, 689, 703, 720, 722, 775, 789, 825, 858, 888, 890, 891, 927, 958, 971, 974, 1034, 1037, 1060, 1088, 1118, 1125, 1141, 1176, 1190, 1201, 1211, 1229, 1235]
[52, 59, 73, 91, 99, 118, 134, 170, 257, 271, 281, 301, 313, 361, 375, 427, 511, 521, 532, 546, 614, 650, 656, 700, 705, 740, 748, 762, 776, 804, 809, 843, 870, 911, 941, 967, 989, 1002, 1017, 1045, 1046, 1052, 1072, 1081, 1098, 1123, 1144, 1163, 1207, 1217, 1249]
[17, 50, 65, 78, 97, 107, 108, 117, 150, 167, 196, 212, 227, 246, 272, 283, 302, 309, 376, 393, 404, 409, 426, 565, 572, 601, 615, 628, 629, 635, 653, 657, 669, 679, 696, 713, 721, 730, 749, 765, 778, 786, 790, 792, 809, 821, 836, 843, 850, 851, 860, 893, 901, 934, 946, 984, 998, 1016, 1030, 1040, 1058, 1061, 1070, 1089, 1117, 1134, 1162, 1168, 1184, 1220, 1269]
[26, 36, 54, 100, 101, 133, 185, 191, 211, 257, 269, 328, 329, 343, 344, 357, 385, 435, 451, 468, 477, 497, 509, 517, 530, 543, 560, 582, 614, 647, 717, 794, 824, 880, 916, 964, 977, 986, 1009, 1062, 1103, 1149, 1180, 1198, 1218, 1233, 1248, 1266]
[92, 123, 137, 153, 173, 223, 242, 281, 335, 370, 399, 413, 426, 445, 447, 477, 493, 509, 513, 534, 547, 553, 590, 615, 645, 653, 663, 683, 700, 703, 766, 785, 796, 797, 813, 824, 859, 889, 893, 911, 928, 945, 954, 984, 1054, 1064, 1093, 1112, 1136, 1176, 1194, 1204, 1229, 1237, 1261, 1280, 1322, 1330, 1355, 1360, 1379, 1410, 1419, 1428, 1443, 1451, 1453, 1469, 1486, 1495, 1512, 1556, 1565, 1589, 1653, 1669, 1682, 1697, 1723, 1727, 1731, 1743, 1763, 1779, 1794, 1837, 1845, 1855, 1874, 1919, 1951, 1965, 1984, 1986, 1996, 2014, 2084, 2093, 2095, 2106, 2139, 2157, 2190, 2204, 2214, 2240, 2258, 2263, 2316, 2333, 2344, 2362, 2373, 2391, 2428, 2468, 2499, 2538]
[103, 146, 187, 196, 203, 209, 224, 253, 273, 288, 307, 327, 329, 351, 384, 430, 455, 457, 498, 519, 571, 597, 621, 626, 651, 681, 704, 712, 727, 734, 752, 780, 795, 843, 876, 886, 924, 943, 973, 1002, 1010, 1023, 1038, 1066, 1073, 1106, 1128, 1152, 1158, 1185, 1200, 1223, 1232, 1248, 1297, 1312, 1342, 1362, 1396, 1407, 1426, 1430, 1530, 1540, 1549, 1580, 1584, 1596, 1609, 1624, 1633, 1673, 1715, 1761, 1774, 1809, 1823, 1839, 1854, 1857, 1883, 1902, 1925, 1927, 1935, 1940, 2016, 2027, 2041, 2051, 2052, 2065, 2072, 2105, 2116, 2136, 2171, 2193, 2211, 2226, 2283, 2297, 2299, 2372, 2378, 2411, 2427, 2432, 2434, 2454, 2471, 2491, 2494, 2498, 2519, 2551]
[95, 145, 152, 192, 196, 219, 236, 253, 254, 266, 280, 296, 353, 380, 394, 445, 468, 518, 533, 534, 568, 592, 622, 710, 762, 781, 802, 821, 840, 849, 890, 893, 896, 914, 929, 945, 978, 992, 1003, 1019, 1086, 1117, 1140, 1169, 1186, 1192, 1225, 1275, 1295, 1331, 1337, 1345, 1357]
[99, 107, 127, 132, 167, 178, 208, 217, 218, 239, 250, 315, 326, 338, 340, 362, 374, 414, 417, 421, 430, 439, 450, 456, 485, 505, 524, 528, 529, 549, 574, 602, 615, 638, 656, 672, 689, 702, 727, 745, 749, 771, 790, 862, 866, 870, 939, 965, 984, 989, 1037, 1057, 1075, 1097, 1122, 1154, 1207, 1245, 1256, 1281, 1304, 1316, 1346, 1361]
[73, 77, 91, 170, 175, 192, 223, 263, 282, 300, 335, 338, 365, 371, 388, 400, 406, 410, 423, 427, 439, 472, 538, 566, 582, 595, 683, 703, 722, 730, 784, 786, 811, 839, 854, 864, 868, 888, 912, 913, 921, 933, 984, 992, 1012, 1053, 1058, 1065, 1107]
[76, 107, 122, 137, 157, 180, 181, 188, 207, 216, 230, 244, 292, 311, 326, 356, 454, 482, 486, 494, 512, 531, 555, 601, 621, 641, 660, 665, 687, 714, 740, 745, 755, 764, 798, 831, 859, 880, 895, 917, 953, 963, 981, 1030, 1042, 1048, 1074, 1091, 1117]
[53, 69, 98, 100, 139, 155, 171, 250, 265, 278, 291, 319, 329, 338, 345, 351, 364, 377, 397]
[68, 85, 108, 119, 167, 172, 189, 202, 220, 237, 295, 313, 342, 384]
[46, 103, 127, 139, 158, 170, 190, 202, 219, 235, 245, 288, 303, 323, 329, 339, 349, 406, 409, 418, 419, 438, 460, 480, 505, 524, 530, 562, 607, 618, 640, 643, 645, 650, 723, 733, 736, 741, 760, 765, 796, 805, 817, 830, 853, 904, 907, 919, 974, 976, 999]
[58, 62, 79, 87, 94, 105, 121, 212, 231, 238, 249, 269, 311, 344, 361, 376, 388, 447, 484, 497, 518, 542, 581, 589, 624, 670, 673, 683, 696, 710, 711, 727, 763, 771, 780, 801, 850, 863, 876, 895, 929, 949, 963, 964, 972, 975, 980, 1014]
[100, 140, 161, 188, 247, 255, 264, 283, 352, 403, 424, 445, 467, 526, 539, 574, 611, 629, 720, 731, 737, 752, 773, 791, 816, 836, 900, 931, 939, 950, 976, 982, 1028, 1029, 1031, 1066, 1175, 1217, 1221, 1224, 1236, 1253, 1264, 1271, 1318]
[118, 133, 151, 156, 167, 171, 196, 211, 227, 287, 302, 317, 332, 372, 391, 412, 426, 448, 458, 480, 495, 496, 510, 545, 554, 573, 590, 605, 643, 662, 682, 696, 709, 719, 740, 770, 774, 803, 841, 852, 858, 876, 880, 912, 957, 999, 1008, 1014, 1037, 1047, 1086, 1088, 1104, 1121, 1130, 1132, 1144, 1147, 1159, 1177, 1190, 1191, 1206, 1259, 1263, 1284, 1304]
[59, 109, 149, 166, 175, 185, 207, 218, 255, 276, 312, 313, 329, 348, 400]
[72, 82, 89, 106, 129, 178, 203, 208, 224, 237, 242, 243, 266, 295, 320, 368, 369, 381]
[62, 81, 89, 99, 114, 172, 190, 191, 208, 221, 229, 248, 251, 285, 308, 321, 333, 354, 365, 403, 424, 441, 445, 472, 522, 528, 585, 635, 664, 676, 728, 737, 747, 755, 772, 805, 820, 840, 845, 850, 877, 902, 916, 961, 963, 976, 984, 990, 1041, 1058, 1094, 1101, 1120, 1155, 1175, 1179, 1194, 1209, 1228, 1274, 1310, 1327, 1345]
[72, 76, 117, 137, 153, 228, 266, 290, 340, 378, 384, 398, 416, 454, 482, 497, 506, 542, 553, 560, 571, 601, 613, 619, 649, 675, 677, 688, 699, 711, 776, 796, 870, 876, 883, 897, 928, 948, 992, 1000, 1013, 1021, 1061, 1081, 1134, 1149, 1242, 1258, 1291, 1330]
[51, 99, 138, 163, 179, 180, 204, 243, 262, 271, 284, 290, 307, 310, 316, 342, 402, 451, 475, 480, 489, 494, 503, 516, 532, 540, 542, 596, 611, 637, 677, 697, 717, 722, 755, 758, 782, 811, 860, 873, 876, 888, 904, 907, 921, 941, 965, 984, 1015, 1044, 1060, 1075, 1092, 1095, 1106, 1137, 1138, 1154, 1170, 1187, 1199, 1204, 1222, 1223, 1240, 1262]
[68, 81, 118, 150, 171, 190, 220, 224, 298, 325, 360, 370, 380, 399, 417, 435, 466, 487, 508, 536, 551, 561, 576, 619, 653, 671, 684, 707, 728, 737, 746, 760, 772, 796, 820, 839, 858, 956, 974, 994, 1012, 1029, 1118, 1127, 1129, 1143, 1145, 1250, 1278]
[31, 88, 106, 116, 136, 149, 159, 194, 212, 221, 255, 283, 299, 316, 347, 377, 415, 444, 459, 480, 498, 527, 546, 579, 590, 602, 617, 650, 662, 673, 743, 784, 832, 845, 866, 888, 947, 960, 976, 993, 998, 1017, 1094, 1097, 1105, 1114, 1128, 1148, 1173, 1205]
[36, 51, 64, 78, 89, 128, 179, 235, 274, 329, 335, 345, 350, 359, 397, 410, 434, 448, 462, 509, 516, 538, 559, 632, 674, 692, 708, 725, 754, 755, 772, 775, 781, 797, 812, 847, 876, 891, 903, 910, 921, 931, 957, 1034, 1051, 1071, 1080, 1167, 1178, 1181, 1190, 1217]
[73, 116, 124, 147, 164, 208, 216, 229, 272, 306, 309, 329, 347, 408, 426, 440, 485, 519, 537, 601, 618, 635, 659, 685, 703, 732, 733, 762, 777, 781, 818, 824, 841, 851, 861, 919, 951, 973, 986, 1001, 1020, 1050, 1058, 1078, 1090, 1093, 1099, 1112, 1132, 1145]
[92, 96, 138, 184, 187, 196, 231, 242, 256, 273, 280, 288, 297, 361, 370, 377, 390, 399, 406, 420, 444, 452, 462, 464, 474, 503, 515, 543, 558, 573, 583, 654, 676, 716, 741, 760, 787, 802, 853, 880, 898, 916, 928, 933, 938, 964, 988, 1016, 1038, 1066, 1077, 1103, 1114, 1156]
[1, 20, 66, 80, 82, 102, 130, 202, 231, 248, 313, 347, 349, 365, 373, 397, 425, 459, 478, 487, 542, 552, 599, 612, 642, 673, 692, 707, 738, 754, 761, 781, 833, 837, 875, 894, 920, 922, 929, 937, 970, 990, 1000, 1001, 1013, 1018, 1020, 1048, 1055, 1078, 1104, 1116, 1135]
[6, 9, 29, 30, 40, 50, 60, 93, 113, 149, 165, 183, 191, 218, 220, 229, 236, 263, 274, 279, 296, 325, 328, 339, 390, 401, 408, 439, 499, 513, 528, 560, 572, 585, 587, 616, 622, 653, 656, 665, 719, 728, 732, 760, 779, 800, 815, 828, 854, 860, 910, 948, 965, 1034, 1058, 1066, 1092, 1137]
[65, 81, 127, 130, 139, 145, 199, 225, 227, 240, 245, 264, 266, 285, 299, 317, 337, 355, 368, 384, 400, 408, 450, 490, 503, 508, 555, 575, 602, 693, 727, 728, 743, 795, 809, 813, 814, 822, 839, 856, 858, 861, 862, 887, 911, 951, 968, 994, 1008, 1017, 1032, 1040]
[69, 95, 110, 143, 157, 175, 179, 211, 224, 231, 276, 413, 430, 435, 465, 470, 495, 512, 514, 524, 532, 542, 578, 585, 611, 616, 636, 647, 656, 675, 680, 681, 686, 698, 709, 760, 779, 826, 874, 891, 931, 955, 975, 1002, 1034, 1057]
[59, 107, 134, 140, 164, 175, 195, 206, 213, 231, 245, 250, 278, 298, 314, 335, 354, 368, 401, 414, 426, 456, 460, 489, 538, 546, 557, 581, 587, 597, 614, 616, 636, 666, 682, 722, 742, 764, 795, 828, 871, 906, 922, 955, 975, 987, 990, 1020, 1029, 1081, 1088, 1107, 1114, 1118, 1172, 1188]
[70, 71, 91, 114, 120, 141, 156, 170, 184, 189, 197, 262, 303, 320, 387, 391, 412, 416, 442, 476, 477, 481, 494, 514, 526, 536, 573, 651, 701, 710, 714, 745, 759, 776, 780, 811, 839, 852, 854, 890, 914, 936, 1010, 1024, 1035, 1054, 1063, 1095, 1130, 1143, 1162, 1167, 1185, 1186, 1190]
[20, 56, 88, 106, 121, 143, 154, 182, 209, 217, 236, 255, 256, 261, 297, 316, 322, 335, 368, 410, 494, 495]
[39, 69, 117, 133, 162, 194, 225, 242, 267, 275, 292, 348, 362, 384, 394, 425, 432, 437, 451, 468, 481, 484, 503]
[82, 119, 138, 155, 173, 187]
[101, 108, 116, 134, 203]
# koliko primerjav se je med zlivanjem zgodilo
[53, 75, 112, 122, 165, 171, 173, 213, 231, 252, 296, 335, 349, 376, 389, 412, 438, 456, 465, 484, 504, 518, 525, 541, 545, 551, 554, 565, 585, 593, 625, 630, 641, 658, 715, 759, 779, 793, 871, 883, 889, 892, 902, 917, 940, 965, 994, 1011, 1023, 1025, 1041, 1064, 1066, 1079, 1089, 1118]
[67, 84, 100, 108, 135, 149, 174, 177, 183, 196, 201, 233, 248, 268, 287, 303, 309, 319, 364, 407, 423, 434, 463, 495, 515, 569, 598, 616, 650, 664, 667, 675, 692, 697, 712, 732, 748, 776, 787, 805, 806, 818, 837, 853, 906, 930, 955, 976, 1028, 1043, 1045, 1108]
[76, 101, 127, 144, 152, 164, 182, 186, 200, 217, 220, 253, 262, 271, 274, 305, 319, 340, 399, 412, 423, 441, 484, 506, 523, 535, 539, 551, 557, 576, 617, 626, 650, 727, 739, 756, 773, 774, 787, 813, 816, 831, 833, 866, 868, 872, 951, 966, 985, 996, 1026, 1028, 1075, 1077, 1119, 1134, 1152, 1169, 1186]
[77, 96, 116, 117, 203, 223, 240, 288, 334, 343, 344, 355, 356, 361, 381, 393, 410, 459, 468, 471, 489, 519, 533, 594, 612, 646, 649, 659, 670, 690, 691, 709, 730, 734, 752, 758, 797, 815, 846, 892, 910, 928, 945, 955, 990, 1011, 1017, 1044, 1055, 1062, 1086, 1100, 1171]
[22, 36, 55, 84, 98, 105, 118, 136, 154, 175, 190, 192, 245, 266, 276, 314, 337, 343]
[24, 47, 71, 96, 133, 155, 176, 212, 215, 228, 244, 251, 295, 326, 339]
[73, 127, 152, 169, 193, 213, 225, 231, 249, 266, 285, 301, 307, 328, 358, 366, 376, 407, 438, 443, 479, 510, 532, 539, 573, 578, 592, 598, 615, 628, 656, 712, 724, 742, 766, 807, 827, 849, 853, 876, 911, 959, 979, 1001, 1023, 1031, 1060, 1080, 1112, 1135, 1145, 1158, 1178, 1194, 1210, 1212, 1228, 1242, 1244, 1254, 1263, 1296, 1315, 1325]
[85, 103, 115, 138, 184, 185, 230, 234, 313, 321, 343, 369, 394, 427, 463, 494, 518, 548, 560, 645, 667, 674, 681, 697, 699, 745, 761, 767, 782, 799, 803, 814, 830, 867, 891, 926, 945, 974, 984, 1021, 1049, 1092, 1102, 1123, 1154, 1205, 1225, 1256, 1276, 1309, 1340]
[99, 129, 175, 200, 217, 240, 268, 287, 291, 306, 307, 333, 356, 367, 390, 406, 416, 435, 493, 503, 507, 516, 576, 595, 634, 649, 680, 693, 718, 734, 791, 813, 817, 820, 858, 861, 870, 882, 920, 939, 940, 945, 977, 1015, 1025, 1062, 1093, 1109, 1124, 1127, 1165, 1171, 1180, 1192, 1194, 1202, 1223, 1237, 1263, 1281, 1284]
[105, 122, 146, 155, 168, 190, 195, 213, 233, 251, 315, 323, 340, 386, 444, 462, 481, 482, 512, 529, 542, 557, 606, 626, 659, 660, 661, 663, 665, 713, 752, 757, 775, 804, 815, 838, 888, 905, 911, 961, 995, 1009, 1044, 1080, 1147, 1186, 1193, 1218, 1233, 1243, 1286]
[22, 37, 44, 63, 108, 150, 169, 186, 198, 207, 232, 242, 266, 269, 282, 299, 318, 328, 371, 372, 418, 468, 493, 505, 535, 542, 583, 600, 615, 632, 670, 715, 729, 740, 775, 817, 832, 853, 873, 896, 948, 1004, 1019, 1041, 1047, 1067, 1084, 1093, 1134, 1164, 1166, 1177]
[32, 81, 91, 94, 96, 124, 135, 216, 262, 273, 274, 343, 362, 387, 399, 407, 437, 445, 448, 452, 476, 521, 525, 550, 569, 579, 598, 650, 669, 684, 702, 712, 755, 764, 776, 794, 802, 843, 885, 893, 911, 922, 941, 967, 983, 1002, 1028, 1035, 1071, 1111, 1120, 1123, 1139, 1158, 1179]
[25, 48, 68, 87, 143, 156, 161, 180, 200, 204, 205, 209, 234, 238, 264, 322, 331, 338, 372, 375, 404, 406, 408, 424, 433, 469, 494, 503, 543, 558, 571, 585, 600, 601, 617, 633, 637, 668, 685, 688, 706, 733, 753, 757, 767, 785, 818, 824, 859, 863, 885, 910, 930, 943, 945, 953, 971, 1006, 1022]
[45, 81, 105, 125, 173, 218, 224, 247, 275, 295, 305, 307, 352, 381, 396, 453, 459, 486, 510, 526, 551, 651, 662, 676, 719, 737, 786, 804, 829, 834, 841, 865, 869, 881, 893, 915, 988, 1004, 1030]
[89, 115, 134, 160, 178, 222, 237, 257, 272, 286, 301, 309, 326, 344, 444, 503, 551, 564, 598, 636, 690, 752, 770, 779, 788, 796, 819, 826, 862, 870, 872, 887, 925, 929, 944, 992, 1002, 1004, 1033, 1074, 1087, 1103, 1153, 1171, 1194]
[106, 113, 147, 153, 172, 185, 194, 203, 206, 263, 267, 273, 307, 346, 361, 373, 389, 401, 421, 435, 463, 479, 483, 484, 515, 535, 537, 581, 584, 603, 610, 628, 644, 652, 672, 689, 705, 719, 736, 791, 803, 834, 851, 853, 903, 909, 928, 946, 955, 974, 975, 985, 1014, 1022, 1051, 1064, 1084, 1113, 1123, 1129, 1133, 1189, 1211]
[96, 142, 181, 200, 211, 230]
[105, 114, 134, 161, 213]
[15, 48, 86, 89, 122, 150, 153, 159, 181, 193, 200, 212, 221, 258, 308, 319, 348, 366, 393, 429, 439, 474, 514, 518, 552, 562, 564, 565, 583, 598, 645, 647, 675, 696, 702, 707, 777, 820, 844, 864, 875, 885, 898, 905, 911, 916, 933, 957, 968, 984, 1004, 1018, 1024, 1057, 1073, 1087, 1107, 1123]
[31, 40, 63, 66, 102, 130, 178, 231, 236, 254, 276, 288, 304, 333, 370, 380, 395, 406, 421, 450, 468, 478, 496, 503, 505, 530, 534, 550, 616, 619, 638, 654, 656, 679, 722, 736, 753, 766, 787, 804, 823, 837, 914, 938, 955, 965, 970, 976, 1020, 1038, 1045, 1046, 1070, 1076, 1136]
[97, 134, 163, 167, 183, 208, 211, 215, 223, 225, 234, 267, 287, 296, 332, 349, 365, 368, 407, 415, 418, 449, 485, 507, 508, 531, 550, 571, 579, 589, 622, 655, 672, 700, 756, 769, 785, 834, 879, 899, 930, 935, 940, 956, 974, 987, 1007, 1059, 1078, 1080, 1092, 1109, 1114, 1116, 1132, 1138, 1157, 1165, 1178, 1261, 1266, 1310]
[106, 118, 129, 153, 203, 207, 252, 283, 315, 350, 374, 377, 385, 393, 426, 445, 463, 468, 488, 512, 523, 560, 602, 639, 671, 685, 717, 737, 750, 802, 813, 819, 822, 832, 851, 868, 913, 975, 1015, 1026, 1046, 1047, 1166, 1167, 1182, 1195, 1211, 1221, 1238, 1250, 1268, 1278, 1290]
[86, 126, 142, 158, 163, 195, 214, 231, 238, 285, 305, 337, 366, 372, 390, 406, 419, 425, 441, 455, 472, 498, 513, 527, 546, 561, 579, 606, 648, 652, 670, 678, 686, 692, 699, 728, 732, 746, 760, 764, 775, 799, 813, 838, 883, 937, 973, 986, 1024, 1052, 1079, 1095, 1098, 1103, 1108, 1119, 1124, 1132, 1149, 1163, 1188]
[97, 108, 116, 175, 201, 217, 252, 269, 280, 283, 322, 331, 342, 345, 356, 386, 416, 491, 517, 549, 570, 590, 604, 610, 614, 615, 631, 638, 653, 656, 665, 687, 719, 784, 806, 828, 853, 872, 899, 910, 923, 949, 963, 1005, 1039, 1062, 1084, 1117, 1120, 1121, 1172]
[17, 57, 77, 114, 121, 128, 148, 171, 173, 188, 198, 208, 240, 292, 310, 311, 323, 324, 326, 333, 350, 367, 427, 484, 494, 506, 526, 572, 596, 605, 610, 624, 633, 639, 640, 649, 650, 666, 715, 742, 753, 767, 792, 798, 809, 826, 836, 895, 924, 925, 945, 971, 972, 998, 1009, 1021, 1025, 1026, 1057, 1070, 1101, 1125, 1131, 1135, 1157, 1181]
[28, 39, 46, 97, 154, 217, 234, 245, 258, 275, 363, 383, 397, 413, 425, 444, 463, 476, 523, 539, 542, 557, 580, 586, 681, 696, 733, 738, 750, 765, 770, 783, 801, 849, 858, 877, 878, 904, 958, 959, 992, 1008, 1046, 1085, 1117, 1144, 1151, 1158, 1162, 1167]
[48, 59, 100, 106, 136, 161, 171, 174, 179, 219, 239, 303, 309, 316, 323, 343, 365, 375, 380, 415, 418, 461, 476, 489, 534, 563, 583, 599, 622, 699, 766, 783, 797, 812, 826, 846, 872, 899, 916, 923, 949, 964, 969, 986, 1007, 1049, 1064, 1092, 1102, 1116, 1136, 1176, 1192, 1215, 1232, 1239, 1279, 1284, 1301]
[56, 69, 87, 113, 127, 140, 156, 196, 199, 214, 257, 269, 286, 357, 369, 382, 391, 394, 397, 438, 452, 459, 485, 504, 506, 520, 530, 544, 612, 630, 650, 661, 680, 712, 717, 735, 753, 759, 817, 845, 862, 883, 937, 1006, 1010, 1024, 1034, 1072, 1088, 1147, 1155, 1171, 1206, 1253, 1270, 1285, 1292, 1321]
[10, 28, 36, 45, 57, 71, 106, 127, 128, 146, 188, 202, 222, 246, 287, 290, 292, 310]
[11, 26, 29, 85, 94, 110, 114, 158, 175, 205, 241, 260, 275, 291, 304]
[68, 82, 100, 129, 165, 184, 232, 251, 275, 286, 317, 374, 380, 397, 410, 413, 417, 449, 467, 552, 572, 584, 613, 638, 640, 687, 700, 717, 726, 742, 743, 762, 771, 777, 778, 800, 831, 865, 917, 974, 987, 1004, 1020, 1031, 1032, 1042, 1058, 1072, 1092, 1093, 1108]
[77, 79, 113, 134, 139, 153, 201, 213, 257, 305, 315, 318, 325, 345, 365, 401, 437, 443, 444, 471, 479, 496, 497, 516, 524, 534, 537, 550, 593, 600, 625, 642, 656, 668, 692, 736, 792, 816, 840, 855, 878, 897, 934, 954, 988, 1075, 1099, 1127]
[43, 94, 148, 181, 213, 225, 229, 231, 236, 251, 253, 271, 290, 315, 356, 382, 423, 445, 477, 488, 503, 522, 536, 549, 553, 581, 607, 622, 639, 693, 711, 750, 759, 785, 801, 812, 815, 831, 842, 888, 913, 922, 936, 952, 961, 987, 997, 1045, 1056, 1075, 1127, 1145, 1157, 1175, 1178, 1179, 1207]
[56, 64, 80, 96, 107, 122, 129, 138, 145, 166, 186, 206, 262, 307, 329, 335, 336, 368, 387, 396, 403, 406, 412, 433, 459, 497, 499, 535, 538, 560, 566, 590, 644, 663, 669, 681, 717, 732, 770, 824, 844, 850, 864, 878, 898, 971, 1006, 1016, 1028, 1083, 1099, 1111, 1137, 1187, 1225]
[89, 155, 164, 182, 204, 215, 233, 310, 342, 371, 417, 428]
[105, 118, 120, 140, 161, 195, 242, 260, 273, 283, 292, 309, 311, 323, 353, 391, 401, 410, 422, 427, 443]
[29, 52, 77, 110, 142, 157, 173, 201, 212, 261, 291, 354, 359, 378, 380, 418, 432, 441, 473, 523, 536, 543, 588, 623, 638, 652, 663, 720, 762, 793, 813, 823, 843, 848, 868, 886, 911, 922, 936, 947, 984, 994, 1014, 1042, 1142, 1187, 1194, 1206, 1237, 1239, 1251, 1252, 1294, 1309]
[30, 47, 60, 69, 97, 126, 189, 229, 232, 247, 249, 278, 297, 299, 309, 327, 343, 392, 403, 450, 457, 492, 506, 539, 556, 573, 601, 617, 633, 666, 675, 690, 707, 712, 719, 738, 745, 774, 865, 891, 895, 899, 924, 930, 948, 968, 1024, 1028, 1058, 1070, 1075, 1091, 1105, 1121, 1129, 1136, 1155, 1175, 1216, 1219, 1260, 1264, 1284, 1306, 1315]
[66, 88, 108, 131, 136, 146, 158, 167, 245, 270, 335, 349, 367, 386, 400, 418, 437, 451, 469, 497, 509, 521, 538, 563, 588, 592, 595, 617, 636, 654, 701, 719, 720, 721, 758, 774, 781, 793, 795, 809, 826, 838, 886, 895, 901, 906, 914, 950, 952, 953, 959, 991, 1027, 1045, 1050, 1066, 1074, 1132, 1137, 1138, 1155, 1195, 1225]
[73, 74, 101, 112, 166, 176, 192, 203, 212, 216, 229, 260, 284, 301, 316, 362, 389, 397, 408, 409, 434, 489, 491, 506, 510, 550, 568, 586, 591, 611, 649, 671, 686, 693, 704, 727, 743, 770, 858, 863, 868, 875, 932, 978, 1008, 1065, 1092, 1110, 1123, 1167, 1187, 1214, 1239]
[11, 48, 53, 60, 68, 135, 160, 178, 185, 268, 286, 351, 369, 397, 435, 468, 471, 485, 509, 529, 567, 598, 600, 628, 684, 694, 738, 763, 800, 819, 825, 826, 848, 851, 865, 880, 892, 904, 916, 941]
[29, 31, 33, 55, 79, 92, 95, 103, 119, 132, 136, 148, 150, 167, 177, 199, 213, 227, 243, 244, 251, 266, 296, 310, 322, 324, 332, 335, 374, 387, 415, 454, 494, 541, 545, 550, 576, 596, 617, 622, 633, 643, 648, 654, 668, 707, 720, 730, 756, 782, 787, 789, 794, 838, 846, 894, 922, 958]
[18, 121, 136, 165, 194, 233, 254, 278, 293, 295, 327, 376, 384, 401, 470, 489, 552, 589, 599, 612, 625, 642, 705, 706, 720, 737, 751, 784, 827, 860, 871, 874, 876, 914, 921, 955, 981, 985, 990, 1008, 1014, 1031, 1064, 1129, 1172]
[27, 46, 55, 72, 85, 99, 101, 116, 155, 176, 203, 216, 241, 258, 264, 308, 333, 343, 357, 393, 407, 423, 436, 440, 453, 460, 506, 522, 532, 549, 563, 571, 580, 606, 629, 660, 673, 689, 727, 746, 771, 795, 811, 816, 824, 847, 893, 904, 939, 944, 948, 973, 1032, 1046, 1051, 1084, 1090, 1101, 1115, 1144, 1150, 1162, 1176]
[70, 90, 132, 182, 189, 245, 290, 302, 320, 325, 343, 366, 377, 396, 406, 446, 464, 467, 477, 494, 509, 511, 518, 534, 546, 552]
[84, 103, 120, 135, 143, 161, 171, 194, 212, 231, 263, 277, 353, 400, 426, 502, 517, 526, 567]
[52, 107, 112, 120, 138, 163]
[63, 74, 87, 91, 157]
# to število pretvorite v znak (z eno očitno funkcijo chr)
[94, 98, 117, 185, 239, 260, 268, 301, 309, 326, 362, 364, 400, 451, 497, 584, 600, 613, 627, 652, 670, 700, 729, 756, 768, 778, 787, 796, 806, 815, 827, 836, 841, 867, 887, 921, 941, 944, 961, 970, 987, 1020, 1042, 1070, 1095, 1108, 1148, 1177, 1195, 1204, 1234, 1265, 1281]
[95, 125, 133, 145, 153, 169, 203, 214, 226, 255, 281, 345, 352, 371, 375, 382, 413, 423, 427, 443, 464, 481, 507, 514, 522, 542, 552, 571, 583, 603, 631, 645, 669, 681, 719, 740, 839, 849, 886, 906, 926, 973, 994, 1010, 1024, 1050, 1089, 1119, 1124, 1135, 1138, 1160, 1180, 1183, 1224, 1250, 1263, 1288]
[78, 99, 130, 192, 217, 225, 258, 261, 286, 329, 341, 352, 363, 378, 417, 446, 459, 506, 566, 586, 608, 642, 671, 680, 686, 696, 788, 802, 812, 887, 897, 913, 955, 997, 1064, 1107]
[96, 113, 132, 146, 150, 164, 180, 186, 191, 204, 243, 281, 301, 307, 323, 336, 344, 368, 371, 392, 398, 418, 434, 439, 475, 480, 494, 517, 524, 541, 546, 581, 597, 620, 628, 641, 644, 652, 659, 682, 707, 716, 734, 753, 766, 770, 777, 809, 824, 842, 847, 850, 867, 928, 941, 961, 977, 987, 1015, 1020, 1034, 1054, 1077, 1084, 1101, 1104]
[43, 52, 82, 99, 137, 168, 196, 209, 261, 281, 303, 310, 321, 336, 375]
[49, 72, 76, 78, 112, 117, 154, 161, 169, 181, 189, 226, 241, 244, 282, 286, 346, 363]
[83, 124, 169, 188, 191, 201, 207, 231, 237, 273, 283, 305, 322, 377, 389, 404, 418, 422, 437, 454, 463, 480, 490, 516, 556, 560, 580, 592, 596, 612, 650, 666, 686, 720, 742, 784, 797, 824, 828, 840, 851, 865, 873, 888, 893, 899, 911, 931, 981, 1007, 1026, 1042, 1065, 1086, 1097, 1115, 1160, 1161, 1174, 1193, 1212, 1239, 1258, 1271, 1276, 1298, 1313, 1349, 1363, 1364]
[103, 119, 132, 152, 167, 206, 224, 232, 256, 257, 303, 342, 360, 505, 513, 526, 543, 632, 635, 663, 703, 727, 756, 762, 778, 816, 871, 895, 934, 950, 964, 989, 1005, 1028, 1045, 1072, 1123, 1139, 1142, 1156, 1171, 1182, 1225, 1230, 1278, 1296, 1328, 1338, 1377]
[78, 111, 135, 143, 181, 207, 211, 244, 272, 290, 316, 321, 337, 353, 362, 378, 383, 385, 397, 436, 454, 467, 482, 505, 513, 546, 558, 588, 594, 604, 641, 667, 671, 688, 730, 746, 755, 766, 777, 869, 918, 925, 930, 964, 1013, 1026, 1044, 1053, 1058, 1106, 1128, 1148, 1158, 1193, 1210, 1247, 1259, 1278]
[91, 94, 117, 145, 149, 164, 189, 229, 261, 274, 286, 296, 312, 351, 360, 370, 407, 424, 500, 518, 526, 528, 539, 576, 618, 619, 634, 648, 674, 696, 713, 769, 771, 795, 808, 825, 841, 858, 859, 885, 894, 909, 949, 975, 977, 995, 1077, 1084, 1102, 1122, 1151, 1164, 1180, 1187, 1227, 1265, 1284]
[77, 125, 131, 150, 161, 165, 174, 210, 327, 332, 339, 356, 365, 374, 384, 408, 420, 436, 453, 454, 464, 465, 483, 509, 527, 538, 554, 563, 579, 582, 595, 632, 660, 674, 685, 702, 710, 729, 759, 762, 776, 790, 818, 884, 894, 914, 930, 947, 986, 989, 992, 1003, 1019, 1026]
[96, 101, 112, 181, 199, 225, 226, 233, 235, 253, 269, 287, 291, 295, 314, 317, 348, 395, 409, 417, 432, 497, 513, 552, 559, 607, 618, 641, 717, 743, 747, 796, 801, 823, 837, 844, 848, 856, 863, 874, 899, 931, 966, 1036]
[2, 18, 23, 69, 91, 104, 106, 122, 225, 249, 277, 295, 328, 399, 432, 539, 544, 546, 568, 575, 604, 619, 629, 638, 663, 678, 691, 719, 722, 734, 747, 765, 773, 784, 799, 815, 825, 848, 859, 865, 879, 891, 907, 955, 997, 1010, 1011]
[5, 29, 33, 49, 81, 84, 85, 92, 100, 110, 139, 144, 151, 165, 177, 192, 205, 214, 239, 260, 309, 318, 324, 340, 352, 366, 372, 380, 404, 417, 449, 464, 481, 485, 491, 507, 521, 556, 562, 579, 584, 616, 653, 668, 706, 710, 746, 774, 780, 828, 901, 927, 943, 963, 980, 989, 1029]
[66, 79, 96, 106, 110, 129, 144, 162, 177, 185, 193, 208, 221, 228, 246, 253, 272, 286, 298, 308, 324, 350, 375, 392, 394, 411, 428, 506, 529]
[73, 172, 175, 200, 240, 306, 340, 357, 393, 446, 457, 463, 473, 490, 522, 533]
[17, 62, 63, 72, 119, 123, 138, 140, 148, 203, 211, 243, 246, 257, 315]
[31, 42, 91, 101, 107, 135, 164, 169, 184, 201, 205, 230, 239, 261, 279, 287, 299, 308]
[47, 81, 102, 110, 126, 141, 152, 188, 229, 243, 256, 288, 290, 303, 329, 351, 353, 354, 368, 391, 401, 419, 450, 464, 493, 494, 517, 602, 620, 636, 656, 673, 713, 723, 777, 797, 848, 863, 865, 878, 896, 905, 938, 947, 981, 1036, 1038, 1055, 1067, 1078, 1088, 1107]
[55, 68, 85, 101, 109, 115, 171, 196, 198, 212, 246, 275, 285, 311, 316, 332, 379, 389, 413, 439, 471, 475, 477, 478, 486, 490, 514, 537, 542, 553, 569, 588, 603, 685, 694, 703, 741, 749, 755, 771, 791, 803, 807, 818, 835, 837, 916, 918, 952, 967, 969, 992, 1010, 1022, 1050, 1058, 1112]
[12, 19, 128, 152, 155, 157, 170, 180, 212, 228, 259, 277, 282, 287, 299, 326, 329, 330, 337, 349, 369, 380, 393, 421, 430, 440, 448, 464, 504, 539, 553, 574, 590, 687, 690, 713, 762, 791, 797, 804, 826, 828, 888, 928, 940, 973, 982, 999, 1019]
[15, 30, 41, 46, 54, 68, 78, 94, 107, 127, 129, 149, 153, 199, 243, 272, 285, 319, 413, 420, 462, 483, 497, 516, 522, 554, 562, 610, 629, 634, 638, 653, 668, 697, 732, 739, 759, 781, 812, 813, 816, 825, 842, 849, 855, 868, 897, 909, 912, 938, 954, 994, 1007]
[35, 61, 105, 141, 158, 219, 288, 298, 318, 334, 356, 374]
[47, 67, 83, 94, 96, 120, 129, 174, 180, 200, 225, 243, 259, 261, 276, 326, 332, 345, 346, 370, 381]
[45, 86, 162, 217, 243, 286, 304, 305, 313, 332, 353, 369, 404, 443, 452, 511, 518, 533, 548, 576, 595, 650, 666, 691, 735, 754, 808, 816, 827, 905, 931, 968, 980, 1012, 1052, 1068, 1129, 1143, 1175, 1187, 1201, 1209, 1229, 1253, 1262, 1290]
[61, 66, 84, 91, 98, 114, 128, 136, 145, 152, 180, 199, 230, 250, 266, 275, 340, 351, 379, 385, 400, 424, 470, 481, 495, 510, 562, 565, 573, 594, 612, 621, 633, 674, 684, 688, 695, 710, 722, 734, 756, 767, 778, 780, 795, 798, 844, 852, 864, 874, 893, 919, 932, 938, 949, 958, 996, 1023, 1035, 1050, 1080, 1083, 1100, 1105, 1122, 1124, 1157, 1236, 1280, 1304]
[39, 52, 98, 111, 154, 173, 189, 225, 232, 250, 266, 289, 295, 306, 313, 368, 444, 463, 471, 478, 491, 500, 515, 526, 558, 577, 613, 614, 660, 681, 694, 725, 747, 750, 760, 782, 830, 860, 874, 908, 950, 959, 1002, 1010, 1013, 1025, 1043, 1110, 1120, 1139, 1152, 1168]
[44, 62, 78, 123, 135, 144, 167, 199, 203, 222, 263, 280, 285, 310, 330, 345, 361, 363, 387, 395, 406, 416, 436, 469, 523, 539, 593, 599, 632, 633, 635, 643, 654, 667, 713, 739, 772, 776, 799, 805, 808, 818, 819, 850, 865, 880, 896, 925, 935, 972, 974, 988, 1047, 1056, 1063, 1070, 1077, 1087, 1102, 1181]
[28, 60, 69, 130, 150, 164, 183, 187, 196, 204, 213, 238, 261, 279, 297, 370, 388, 389, 414, 432, 463, 482, 483, 507, 531, 552, 574, 609, 673, 711, 723, 727, 753, 763, 777, 821, 872, 887, 937, 950, 961, 962, 969, 981, 987, 1006, 1023, 1036, 1073, 1076, 1096, 1117, 1156, 1168]
[32, 46, 76, 90, 98, 110, 179, 189, 220, 223, 247, 264, 308, 314, 316, 336, 355, 405, 415, 439, 446, 457, 475, 494, 527, 530, 533, 570, 582, 586, 604, 628, 638, 655, 656, 662, 669, 692, 730, 744, 786, 797, 803, 826, 836, 839, 857, 869, 871, 903, 915, 925, 954, 970, 1022, 1045, 1057, 1109, 1132, 1136, 1138, 1182]
[61, 88, 96, 134, 197, 231, 236, 256, 263, 283, 288, 306, 312, 317, 333, 352, 363, 409, 411, 413, 426, 453, 454, 466, 482, 491, 510, 520, 529, 534, 560, 591, 601, 619, 646, 663, 683, 707, 742, 772, 788, 796, 827, 839, 857, 862, 916, 955, 990, 1029, 1046, 1080, 1086, 1101, 1125]
[72, 93, 101, 110, 114, 131, 152, 167, 182, 207, 227, 277, 362, 381, 393, 437, 504, 549, 555, 579, 623, 631, 665, 698, 719, 728, 761, 815, 846, 852, 855, 873, 893, 904, 910, 936, 975, 979, 995, 1005, 1013, 1044, 1050, 1064, 1075, 1090, 1105]
[1, 31, 37, 69, 81, 90, 92, 110, 111, 151, 158, 177, 183, 241, 260, 277, 296, 298, 333, 350, 353, 360, 367, 387, 406, 437, 471, 488, 515, 523, 559, 572, 586, 596, 607, 612, 662, 690, 704, 713, 741, 751, 765, 786, 804, 824, 866, 907, 946, 954, 994]
[11, 49, 64, 83, 96, 102, 106, 115, 123, 143, 193, 204, 220, 234, 244, 251, 316, 325, 330, 356, 368, 423, 454, 458, 466, 487, 503, 538, 558, 565, 624, 628, 632, 650, 671, 707, 726, 766, 781, 793, 834, 846, 886, 889, 909, 924, 932, 965, 974, 986]
[61, 78, 86, 113, 115, 116, 144, 166, 179, 181, 201, 219, 234, 238, 246, 270, 311, 354]
[77, 79, 94, 131, 143, 145, 147, 194, 251, 284, 289, 292, 301, 322, 337]
[83, 105, 120, 155, 178, 205, 273, 274, 319, 322, 330, 346, 350, 366, 382, 402, 469, 484, 509, 511, 529, 539, 547, 595, 617, 655, 673, 684, 691, 739, 771, 786, 788, 807, 849, 864, 903, 918, 921, 957, 980, 1022, 1040, 1043, 1073, 1107, 1122]
[85, 106, 136, 162, 170, 193, 210, 230, 250, 270, 289, 307, 342, 345, 373, 386, 413, 432, 433, 449, 503, 516, 558, 573, 588, 591, 598, 629, 647, 708, 727, 758, 827, 841, 876, 894, 925, 926, 939, 948, 965, 998, 1004, 1026, 1057, 1066, 1067, 1068, 1078, 1092, 1112, 1141]
[73, 101, 129, 136, 212, 226, 240, 252, 303, 308, 326, 344, 355, 375, 403, 436, 449, 477, 523, 565, 588, 604, 616, 625, 628, 647, 664, 672, 684, 692, 708, 748, 771, 776, 787, 835, 896, 910, 927, 946, 949, 971, 997, 1055, 1105, 1118, 1120, 1127, 1158, 1170, 1181]
[92, 109, 145, 149, 165, 167, 177, 197, 260, 277, 295, 383, 411, 426, 469, 476, 496, 514, 532, 547, 579, 610, 640, 651, 668, 676, 715, 735, 757, 762, 791, 794, 800, 803, 820, 832, 850, 854, 856, 857, 875, 882, 893, 938, 939, 950, 953, 957, 978, 1007, 1015, 1028, 1035, 1038, 1050, 1071, 1074, 1093, 1094, 1139, 1189]
[73, 87, 100, 113, 131, 140, 150, 189, 237, 275, 298, 315, 327, 341, 353, 372, 385, 398, 416]
[77, 91, 133, 147, 163, 170, 178, 200, 219, 257, 286, 361, 404, 411]
[90, 112, 139, 155, 192, 212, 275, 289, 306, 313, 340, 383, 386, 400, 414, 428, 452, 468, 486, 489, 505, 516, 531, 561, 573, 592, 611, 617, 675, 682, 683, 704, 707, 725, 768, 789, 804, 857, 928, 946, 954, 984, 1001, 1014, 1075, 1082, 1098, 1124, 1145, 1163, 1187, 1200, 1215, 1225, 1258]
[108, 123, 128, 168, 173, 184, 225, 244, 254, 255, 269, 277, 320, 335, 350, 351, 367, 440, 464, 536, 548, 568, 605, 637, 651, 657, 689, 738, 752, 775, 819, 823, 829, 846, 853, 854, 869, 889, 898, 917, 925, 937, 942, 962, 975, 1032, 1049, 1055, 1105, 1107, 1142, 1179, 1219, 1245, 1265]
[100, 132, 137, 144, 155, 180, 187, 226, 231, 248, 266, 304, 315, 328, 342, 351, 360, 361, 386, 391, 396, 412, 431, 458, 468, 498, 516, 525, 546, 569, 579, 609, 639, 650, 741, 757, 775, 797, 803, 824, 843, 861, 878, 880, 898, 909, 919, 923, 926, 928, 933, 942, 981, 1001, 1066, 1077, 1113]
[117, 173, 178, 193, 212, 234, 242, 278, 297, 339, 378, 447, 469, 487, 529, 561, 574, 584, 592, 608, 629, 654, 657, 667, 677, 682, 699, 719, 732, 789, 813, 825, 835, 852, 931, 960, 969, 995, 1016, 1018, 1027, 1040, 1051, 1097, 1099]
[75, 86, 117, 122, 156, 180, 191, 198, 211, 242, 247, 281, 282, 290, 316, 331, 333, 358, 362, 369, 421, 439, 465, 482, 487, 499, 529, 563, 574, 590, 608, 617, 623, 647, 658, 667, 689, 726, 747, 763, 767, 797, 801, 817, 856, 874, 885, 913, 945, 958, 970, 990, 1009, 1013, 1028, 1047, 1064, 1081, 1090, 1107, 1125, 1127, 1134, 1163, 1179, 1181, 1227, 1238, 1242]
[84, 88, 97, 137, 144, 154, 172, 187, 220, 226, 266, 296, 339, 389, 403, 447, 514, 523, 544, 545, 628, 684, 709, 734, 771, 778, 823, 843, 896, 904, 926, 936, 984, 1017, 1152, 1188, 1207, 1243]
[67, 75, 138, 145, 154, 165, 190, 201, 213, 250, 280, 302, 306, 317, 330, 345, 356, 375, 376, 392, 426, 456, 478, 482, 517, 547, 554, 585, 611, 629, 638, 689, 711, 727, 782, 801, 805, 809, 828, 829, 832, 858, 877, 883, 929, 936, 952, 1000]
[70, 86, 92, 96, 101, 102, 107, 127, 157, 159, 177, 233, 237, 257, 270, 294, 300, 349, 380, 400, 419, 443, 472, 489, 499, 520, 540, 567, 595, 652, 666, 672, 675, 700, 712, 731, 740, 750, 760, 767, 783, 826, 840, 861, 895, 915, 944, 961, 976, 982]
[32, 45, 52, 86, 97, 101, 133, 160, 179, 203, 211, 225, 248, 259, 283, 320, 344, 362, 372, 374, 380, 381, 385, 386, 410, 411, 440, 457, 463, 464, 476, 504, 514, 528, 551, 594, 640, 658, 676, 692, 710, 726, 773, 786, 808, 844, 880, 906, 915, 931, 935, 971, 1002, 1013, 1029, 1040, 1093, 1098, 1100, 1121]
[41, 65, 70, 75, 119, 145, 190, 200, 230, 250, 263, 303, 324, 403, 420, 489, 493, 501, 539, 554, 574, 611, 627, 648, 656, 740, 758, 768, 770, 772, 776, 794, 825, 860, 874, 891, 892, 907, 930, 948, 963, 984, 1031, 1056, 1058, 1071, 1085, 1115]
[0, 32, 37, 46, 52, 80, 120, 149, 172, 195, 220, 243, 247, 255, 260, 285, 311]
[10, 28, 36, 59, 75, 100, 104, 127, 129, 148, 160, 189, 199, 219, 238, 277, 305]
# vse skupa zlepite